# Matter power spectrum P(k) at redshift z=0
# for k=1.04206e-05 to 5.30492 h/Mpc,
# number of wavenumbers equal to 556
#    1:k (h/Mpc)              2:P (Mpc/h)^3        
       1.042057218184e-05       4.833537524526e+01 
       2.326965112415e-05       1.050300524713e+02 
       3.616368416872e-05       1.608004190353e+02 
       4.913719191725e-05       2.162184422685e+02 
       6.222526306445e-05       2.716135683917e+02 
       7.546386573355e-05       3.272350781173e+02 
       8.889016871877e-05       3.832976870239e+02 
       1.025428768881e-04       4.400002619972e+02 
       1.164625850318e-04       4.975354595514e+02 
       1.306921544768e-04       5.560955874726e+02 
       1.452771167917e-04       6.158767098351e+02 
       1.602661088538e-04       6.770818627170e+02 
       1.757113433749e-04       7.399238149091e+02 
       1.916691186261e-04       8.046276083190e+02 
       2.082003704664e-04       8.714329999157e+02 
       2.253712687320e-04       9.405968881916e+02 
       2.432538584340e-04       1.012395745254e+03 
       2.619267438085e-04       1.087128084197e+03 
       2.814758098240e-04       1.165116929032e+03 
       3.019949709311e-04       1.246712254484e+03 
       3.235869302956e-04       1.332293316296e+03 
       3.463639240694e-04       1.422270766557e+03 
       3.704484140748e-04       1.517088385186e+03 
       3.959736783305e-04       1.617224230509e+03 
       4.230842321522e-04       1.723190921004e+03 
       4.519359935960e-04       1.835534712311e+03 
       4.826960870561e-04       1.954832963583e+03 
       5.155421603026e-04       2.081689526440e+03 
       5.506610770747e-04       2.216727578770e+03 
       5.882468451593e-04       2.360579416906e+03 
       6.284976558419e-04       2.513872886530e+03 
       6.716119524841e-04       2.677214254362e+03 
       7.177835202354e-04       2.851167694384e+03 
       7.671956976641e-04       3.036232032346e+03 
       8.200149485639e-04       3.232815837373e+03 
       8.763841814321e-04       3.441212619012e+03 
       9.364163367091e-04       3.661578174175e+03 
       1.000188842050e-03       3.893912553805e+03 
       1.067739530131e-03       4.138048808525e+03 
       1.139064503232e-03       4.393650218323e+03 
       1.214118221415e-03       4.660216781226e+03 
       1.292815822631e-03       4.937100928154e+03 
       1.375037409658e-03       5.223510080300e+03 
       1.460633819102e-03       5.518572228538e+03 
       1.549433263643e-03       5.821370253371e+03 
       1.641248223755e-03       6.130931098827e+03 
       1.735882043984e-03       6.446272510258e+03 
       1.833134827612e-03       6.766426374034e+03 
       1.932808383248e-03       7.090457893298e+03 
       2.034710125310e-03       7.417479737526e+03 
       2.138655947702e-03       7.746661729199e+03 
       2.244472168970e-03       8.077237257872e+03 
       2.351996690194e-03       8.408504831379e+03 
       2.461079521215e-03       8.739830673150e+03 
       2.571582825405e-03       9.070642180168e+03 
       2.683380616443e-03       9.400428718595e+03 
       2.796358218551e-03       9.728736855364e+03 
       2.910411578940e-03       1.005516448515e+04 
       3.025446500155e-03       1.037935853392e+04 
       3.141377841964e-03       1.070100809344e+04 
       3.258128727682e-03       1.101984287571e+04 
       3.375629778325e-03       1.133562616127e+04 
       3.493818389235e-03       1.164815366959e+04 
       3.612638057434e-03       1.195724827403e+04 
       3.732037763424e-03       1.226275943237e+04 
       3.851971407996e-03       1.256455608204e+04 
       3.972397302585e-03       1.286253087136e+04 
       4.093277710397e-03       1.315658978612e+04 
       4.214578434808e-03       1.344665868548e+04 
       4.336268451195e-03       1.373267314505e+04 
       4.458319578280e-03       1.401458619208e+04 
       4.580706185135e-03       1.429235627182e+04 
       4.703404930208e-03       1.456594929581e+04 
       4.826394528974e-03       1.483530449411e+04 
       4.949655547086e-03       1.510050675961e+04 
       5.073170216191e-03       1.536146867786e+04 
       5.196922269879e-03       1.561821112995e+04 
       5.320896797456e-03       1.587077423222e+04 
       5.445080113527e-03       1.611917089433e+04 
       5.569459641572e-03       1.636335295681e+04 
       5.694023809915e-03       1.660261992966e+04 
       5.818761958675e-03       1.683846143950e+04 
       5.943664256446e-03       1.707016149300e+04 
       6.068721625606e-03       1.729769665933e+04 
       6.193925675282e-03       1.752122545127e+04 
       6.319268641115e-03       1.774084821982e+04 
       6.444743331067e-03       1.795662323558e+04 
       6.570343076612e-03       1.816789628933e+04 
       6.696061688712e-03       1.837529666751e+04 
       6.821893418064e-03       1.857871497067e+04 
       6.947832919166e-03       1.877832629669e+04 
       7.073875217785e-03       1.897407745448e+04 
       7.200015681476e-03       1.916595565254e+04 
       7.326249992837e-03       1.935404214296e+04 
       7.452574125202e-03       1.953822260259e+04 
       7.578984320550e-03       1.971886691934e+04 
       7.705477069379e-03       1.989631577658e+04 
       7.832049092365e-03       2.006958404300e+04 
       7.958697323625e-03       2.023922019811e+04 
       8.085418895432e-03       2.040527660782e+04 
       8.212211124224e-03       2.056784230466e+04 
       8.339071497814e-03       2.072688214300e+04 
       8.465997663657e-03       2.088244544464e+04 
       8.592987418093e-03       2.103458589730e+04 
       8.720038696471e-03       2.118333590108e+04 
       8.847149564069e-03       2.132872280021e+04 
       8.974318207751e-03       2.147074896926e+04 
       9.101542928276e-03       2.160952609760e+04 
       9.228822133218e-03       2.174505550899e+04 
       9.356154330437e-03       2.187736350110e+04 
       9.483538122048e-03       2.200650965503e+04 
       9.610972198861e-03       2.213251464143e+04 
       9.738455335230e-03       2.225544358012e+04 
       9.865986384300e-03       2.237521203841e+04 
       9.993564273599e-03       2.249205673310e+04 
       1.012118800096e-02       2.260576012235e+04 
       1.024885663075e-02       2.271655107535e+04 
       1.037656929035e-02       2.282448618431e+04 
       1.050432516691e-02       2.292943013465e+04 
       1.063212350435e-02       2.303145388183e+04 
       1.075996360053e-02       2.313077184949e+04 
       1.088784480465e-02       2.322710610079e+04 
       1.101576651488e-02       2.332079542634e+04 
       1.114372817602e-02       2.341171284249e+04 
       1.127172927752e-02       2.349993376062e+04 
       1.139976935144e-02       2.358545275609e+04 
       1.152784797069e-02       2.366832620754e+04 
       1.165596474734e-02       2.374859050781e+04 
       1.178411933107e-02       2.382626739925e+04 
       1.191231140769e-02       2.390138355611e+04 
       1.204054069778e-02       2.397403849945e+04 
       1.216880695546e-02       2.404401212728e+04 
       1.229710996722e-02       2.411163818398e+04 
       1.242544955078e-02       2.417679274458e+04 
       1.255382555417e-02       2.423957672089e+04 
       1.268223785470e-02       2.429995670844e+04 
       1.281068635814e-02       2.435802947623e+04 
       1.293917099791e-02       2.441371665746e+04 
       1.306769173434e-02       2.446713957476e+04 
       1.319624855393e-02       2.451823976623e+04 
       1.332484146880e-02       2.456714697589e+04 
       1.345347051603e-02       2.461385637953e+04 
       1.358213575713e-02       2.465839964460e+04 
       1.371083727760e-02       2.470067323496e+04 
       1.383957518639e-02       2.474081973814e+04 
       1.396834961557e-02       2.477886986245e+04 
       1.409716071990e-02       2.481488580265e+04 
       1.422600867652e-02       2.484884064192e+04 
       1.435489368463e-02       2.488073328305e+04 
       1.448381596521e-02       2.491058837424e+04 
       1.461277576080e-02       2.493852417743e+04 
       1.474177333527e-02       2.496447893282e+04 
       1.487080897367e-02       2.498852696530e+04 
       1.499988298201e-02       2.501058310860e+04 
       1.512899568719e-02       2.503083095415e+04 
       1.525814743687e-02       2.504917894423e+04 
       1.538733859939e-02       2.506574520404e+04 
       1.551656956372e-02       2.508042567749e+04 
       1.564584073940e-02       2.509338484942e+04 
       1.577515255657e-02       2.510452708145e+04 
       1.590450546593e-02       2.511400946074e+04 
       1.603389993880e-02       2.512171335138e+04 
       1.616333646718e-02       2.512772424820e+04 
       1.629281556376e-02       2.513208041025e+04 
       1.642233776207e-02       2.513473499358e+04 
       1.655190361655e-02       2.513574531933e+04 
       1.668151370268e-02       2.513528426592e+04 
       1.681116861713e-02       2.513313844294e+04 
       1.694086897792e-02       2.512956214065e+04 
       1.707061542457e-02       2.512427663196e+04 
       1.720040861833e-02       2.511751071865e+04 
       1.733024924236e-02       2.510924790805e+04 
       1.746013800200e-02       2.509956182526e+04 
       1.759007562495e-02       2.508839575482e+04 
       1.772006286159e-02       2.507484882702e+04 
       1.785010048523e-02       2.506180468530e+04 
       1.798018929242e-02       2.504556487824e+04 
       1.811033010322e-02       2.502966584754e+04 
       1.824052376159e-02       2.501068267371e+04 
       1.837077113569e-02       2.499122546632e+04 
       1.850107311825e-02       2.497072225927e+04 
       1.863143062694e-02       2.494919480704e+04 
       1.876184460481e-02       2.492576020637e+04 
       1.889231602063e-02       2.490059402699e+04 
       1.902284586938e-02       2.487532199580e+04 
       1.915343517266e-02       2.484768020281e+04 
       1.928408497917e-02       2.481924435450e+04 
       1.941479636520e-02       2.478962790315e+04 
       1.954557043510e-02       2.476028104311e+04 
       1.967640832185e-02       2.472850302057e+04 
       1.980731118754e-02       2.469557228915e+04 
       1.993828022397e-02       2.466112120876e+04 
       2.006931665321e-02       2.462615209908e+04 
       2.020042172819e-02       2.458988474181e+04 
       2.033159673334e-02       2.455368834981e+04 
       2.046284298520e-02       2.451556893553e+04 
       2.059416183310e-02       2.447641451595e+04 
       2.072555465984e-02       2.443523801793e+04 
       2.085702288238e-02       2.439434766639e+04 
       2.098856795258e-02       2.435298513608e+04 
       2.112019135793e-02       2.430925948894e+04 
       2.125189462236e-02       2.426511351732e+04 
       2.138367930699e-02       2.422030591237e+04 
       2.151554701099e-02       2.417454539930e+04 
       2.164749937244e-02       2.412799860266e+04 
       2.177953806914e-02       2.408065887128e+04 
       2.191166481961e-02       2.403233688266e+04 
       2.204388138394e-02       2.398314604438e+04 
       2.217618956478e-02       2.393311996866e+04 
       2.230859120836e-02       2.388247865103e+04 
       2.244108820548e-02       2.383093219893e+04 
       2.257368249257e-02       2.377857252185e+04 
       2.270637605277e-02       2.372565027433e+04 
       2.283917091708e-02       2.367231404979e+04 
       2.297206916549e-02       2.361743152365e+04 
       2.310507292820e-02       2.356294636088e+04 
       2.323818438680e-02       2.350639403827e+04 
       2.337140577562e-02       2.344985750864e+04 
       2.350473938296e-02       2.339255400887e+04 
       2.363818755247e-02       2.333495692379e+04 
       2.377175268458e-02       2.327635173333e+04 
       2.390543723787e-02       2.321726479803e+04 
       2.403924373063e-02       2.315767087646e+04 
       2.417317474233e-02       2.309731075482e+04 
       2.430723291522e-02       2.303720024156e+04 
       2.444142095598e-02       2.297520917432e+04 
       2.457574163740e-02       2.291310984483e+04 
       2.471019780008e-02       2.285120456495e+04 
       2.484479235430e-02       2.278779995418e+04 
       2.497952828182e-02       2.272432117808e+04 
       2.511440863780e-02       2.266001214328e+04 
       2.524943655283e-02       2.259554947509e+04 
       2.538461523491e-02       2.253074463656e+04 
       2.551994797163e-02       2.246530675964e+04 
       2.565543813231e-02       2.239942074702e+04 
       2.579108917030e-02       2.233320949497e+04 
       2.592690462528e-02       2.226652027459e+04 
       2.606288812571e-02       2.219928125942e+04 
       2.619904339133e-02       2.213225748552e+04 
       2.633537423576e-02       2.206384324583e+04 
       2.647188456914e-02       2.199548448660e+04 
       2.660857840094e-02       2.192687193961e+04 
       2.674545984285e-02       2.185778369792e+04 
       2.688253311172e-02       2.178887949600e+04 
       2.701980253265e-02       2.171878953125e+04 
       2.715727254222e-02       2.164914393394e+04 
       2.729494769174e-02       2.157881948688e+04 
       2.743283265076e-02       2.150795161424e+04 
       2.757093221056e-02       2.143698169116e+04 
       2.770925128788e-02       2.136581808757e+04 
       2.784779492874e-02       2.129458090171e+04 
       2.798656831242e-02       2.122266362384e+04 
       2.812557675556e-02       2.115069053683e+04 
       2.826482571649e-02       2.107851823373e+04 
       2.840432079965e-02       2.100605976461e+04 
       2.854406776019e-02       2.093342772326e+04 
       2.868407250883e-02       2.086051621353e+04 
       2.882434111679e-02       2.078742891928e+04 
       2.896487982102e-02       2.071446214714e+04 
       2.910569502960e-02       2.064071728456e+04 
       2.924679332731e-02       2.056707409828e+04 
       2.938818148154e-02       2.049365148110e+04 
       2.952986644832e-02       2.041931484102e+04 
       2.967185537870e-02       2.034565263799e+04 
       2.981415562530e-02       2.027083283876e+04 
       2.995677474926e-02       2.019649525315e+04 
       3.009972052734e-02       2.012187322082e+04 
       3.024300095943e-02       2.004724799496e+04 
       3.038662427637e-02       1.997277335973e+04 
       3.053059894805e-02       1.989750764994e+04 
       3.067493369194e-02       1.982253768156e+04 
       3.081963748193e-02       1.974741984696e+04 
       3.096471955766e-02       1.967218223072e+04 
       3.111018943415e-02       1.959688164036e+04 
       3.125605691194e-02       1.952186916131e+04 
       3.140233208775e-02       1.944639234564e+04 
       3.154902536547e-02       1.937076386741e+04 
       3.169614746783e-02       1.929508579659e+04 
       3.184370944855e-02       1.921941129702e+04 
       3.199172270507e-02       1.914387997449e+04 
       3.214019899187e-02       1.906802837099e+04 
       3.228915043450e-02       1.899224773343e+04 
       3.243858954427e-02       1.891650468536e+04 
       3.258852923362e-02       1.884086745333e+04 
       3.273898283235e-02       1.876493282737e+04 
       3.288996410460e-02       1.868899276848e+04 
       3.304148726669e-02       1.861305654282e+04 
       3.319356700599e-02       1.853732378681e+04 
       3.334621850063e-02       1.846142656566e+04 
       3.349945744031e-02       1.838547226748e+04 
       3.365330004827e-02       1.830939496578e+04 
       3.380776310435e-02       1.823349464823e+04 
       3.396286396938e-02       1.815774165725e+04 
       3.411862061083e-02       1.808189824239e+04 
       3.427505162998e-02       1.800591933159e+04 
       3.443217629055e-02       1.792993822156e+04 
       3.459001454898e-02       1.785440547518e+04 
       3.474858708643e-02       1.777827737613e+04 
       3.490791534268e-02       1.770245966413e+04 
       3.506802155196e-02       1.762678656296e+04 
       3.522892878099e-02       1.755111532539e+04 
       3.539066096924e-02       1.747527428760e+04 
       3.555324297165e-02       1.739962705852e+04 
       3.571670060404e-02       1.732397048392e+04 
       3.588106069126e-02       1.724829383429e+04 
       3.604635111847e-02       1.717274429046e+04 
       3.621260088561e-02       1.709727687021e+04 
       3.637984016546e-02       1.702176863380e+04 
       3.654810036549e-02       1.694620819002e+04 
       3.671741419379e-02       1.687104299629e+04 
       3.688781572942e-02       1.679550524606e+04 
       3.705934049765e-02       1.672007930263e+04 
       3.723202555023e-02       1.664478360886e+04 
       3.740590955142e-02       1.656941361882e+04 
       3.758103287006e-02       1.649419796709e+04 
       3.775743767824e-02       1.641912005923e+04 
       3.793516805718e-02       1.634398858371e+04 
       3.811427011096e-02       1.626864524758e+04 
       3.829479208872e-02       1.619357139549e+04 
       3.847678451622e-02       1.611853738096e+04 
       3.866030033749e-02       1.604338346735e+04 
       3.884539506765e-02       1.596819329975e+04 
       3.903212695780e-02       1.589332636803e+04 
       3.922055717329e-02       1.581825096603e+04 
       3.941074998658e-02       1.574326261218e+04 
       3.960277298617e-02       1.566817468681e+04 
       3.979669730323e-02       1.559322557156e+04 
       3.999259785769e-02       1.551845159707e+04 
       4.019055362587e-02       1.544330408049e+04 
       4.039064793189e-02       1.536839429860e+04 
       4.059296876547e-02       1.529337090480e+04 
       4.079760912889e-02       1.521800086147e+04 
       4.100466741648e-02       1.514315575874e+04 
       4.121424783023e-02       1.506812874562e+04 
       4.142646083574e-02       1.499280731523e+04 
       4.164142366316e-02       1.491754347839e+04 
       4.185926085861e-02       1.484238915188e+04 
       4.208010489205e-02       1.476708133312e+04 
       4.230409682879e-02       1.469154466272e+04 
       4.253138707251e-02       1.461596578818e+04 
       4.276213618907e-02       1.454050111423e+04 
       4.299651582176e-02       1.446464650434e+04 
       4.323470971014e-02       1.438894271408e+04 
       4.347691482675e-02       1.431273404980e+04 
       4.372334264809e-02       1.423662657373e+04 
       4.397422057899e-02       1.416024983439e+04 
       4.422979355281e-02       1.408372392729e+04 
       4.449032583360e-02       1.400691406803e+04 
       4.475610305095e-02       1.393013215143e+04 
       4.502743450392e-02       1.385275552771e+04 
       4.530465577670e-02       1.377526605290e+04 
       4.558813171716e-02       1.369756157048e+04 
       4.587825983858e-02       1.361962125044e+04 
       4.617547421737e-02       1.354100726944e+04 
       4.648024997343e-02       1.346220127243e+04 
       4.679310843808e-02       1.338302500118e+04 
       4.711462313633e-02       1.330320749162e+04 
       4.744542673739e-02       1.322263626773e+04 
       4.778621916136e-02       1.314223575342e+04 
       4.813777707216e-02       1.306086011912e+04 
       4.850096504009e-02       1.297861062015e+04 
       4.887674872396e-02       1.289548089574e+04 
       4.926621050739e-02       1.281183612904e+04 
       4.967056813086e-02       1.272743158386e+04 
       5.009119699740e-02       1.264192895835e+04 
       5.052965700323e-02       1.255535413586e+04 
       5.098772496582e-02       1.246750945435e+04 
       5.146743400368e-02       1.237857694537e+04 
       5.197112157935e-02       1.228832243829e+04 
       5.250148836656e-02       1.219601938026e+04 
       5.306167065974e-02       1.210206699875e+04 
       5.365532971666e-02       1.200588328636e+04 
       5.428676219783e-02       1.190687301614e+04 
       5.496103667412e-02       1.180510139403e+04 
       5.568416183560e-02       1.169977070354e+04 
       5.646329214182e-02       1.159049451860e+04 
       5.730697534224e-02       1.147630412206e+04 
       5.822544184811e-02       1.135622127821e+04 
       5.923092511134e-02       1.122881783047e+04 
       6.033797923528e-02       1.109125399785e+04 
       6.156371593776e-02       1.094282137083e+04 
       6.292780625486e-02       1.077871871154e+04 
       6.445197707174e-02       1.059450316622e+04 
       6.615860368697e-02       1.038503174834e+04 
       6.806796606510e-02       1.014355414699e+04 
       7.019404110131e-02       9.861758588419e+03 
       7.253961323704e-02       9.534317548550e+03 
       7.509278884846e-02       9.157676514733e+03 
       7.782744545750e-02       8.734918588035e+03 
       8.070834073462e-02       8.275447821967e+03 
       8.369850861787e-02       7.795273143600e+03 
       8.676533509153e-02       7.312753567663e+03 
       8.988341099316e-02       6.846658325636e+03 
       9.303459742784e-02       6.412864856014e+03 
       9.620668979996e-02       6.022899355715e+03 
       9.939178833790e-02       5.683465987034e+03 
       1.025849043454e-01       5.396383898678e+03 
       1.057829356857e-01       5.159317658421e+03 
       1.089839715757e-01       4.966670461174e+03 
       1.121868418082e-01       4.810156526378e+03 
       1.153908321555e-01       4.680698607667e+03 
       1.185955075215e-01       4.568226070581e+03 
       1.218006030900e-01       4.463102947238e+03 
       1.250059577098e-01       4.357185518974e+03 
       1.282114732662e-01       4.243793150807e+03 
       1.314170899543e-01       4.118513202679e+03 
       1.346227712481e-01       3.980368762858e+03 
       1.378284947693e-01       3.830058211087e+03 
       1.410342467426e-01       3.670243271195e+03 
       1.442400186290e-01       3.505346770555e+03 
       1.474458050812e-01       3.340239168357e+03 
       1.506516027019e-01       3.180161597876e+03 
       1.538574092887e-01       3.029448210120e+03 
       1.570632233756e-01       2.891540199413e+03 
       1.602690439531e-01       2.768785616178e+03 
       1.634748702978e-01       2.661962746957e+03 
       1.666807018681e-01       2.571005325714e+03 
       1.698865382403e-01       2.494404162751e+03 
       1.730923790691e-01       2.430218282973e+03 
       1.762982240628e-01       2.375513689641e+03 
       1.795040729681e-01       2.327484832877e+03 
       1.827099255602e-01       2.283147514859e+03 
       1.859157816363e-01       2.240054990567e+03 
       1.891216410114e-01       2.195529436688e+03 
       1.923275035154e-01       2.147532709212e+03 
       1.955333689907e-01       2.095195022302e+03 
       1.987392372909e-01       2.038338321972e+03 
       2.019451082797e-01       1.977491731738e+03 
       2.051509818295e-01       1.913909054380e+03 
       2.083568578208e-01       1.849134646342e+03 
       2.115627361416e-01       1.784758552296e+03 
       2.147686166867e-01       1.722350305226e+03 
       2.179744993572e-01       1.663162924752e+03 
       2.211803840600e-01       1.608063996585e+03 
       2.243862707073e-01       1.557879013078e+03 
       2.275921592163e-01       1.512681099237e+03 
       2.307980495089e-01       1.472641009565e+03 
       2.340039415114e-01       1.437283677122e+03 
       2.372098351538e-01       1.406075429449e+03 
       2.404157303703e-01       1.378160986103e+03 
       2.436216270981e-01       1.352617082730e+03 
       2.468275252781e-01       1.328369763006e+03 
       2.500334248541e-01       1.304696202647e+03 
       2.532393257727e-01       1.280659742914e+03 
       2.564452279831e-01       1.255833971256e+03 
       2.596511314374e-01       1.229999198482e+03 
       2.628570360896e-01       1.202990633183e+03 
       2.660629418963e-01       1.174927269967e+03 
       2.692688488160e-01       1.146069330825e+03 
       2.724747568091e-01       1.116793850860e+03 
       2.756806658379e-01       1.087608805301e+03 
       2.788865758666e-01       1.059003438697e+03 
       2.820924868609e-01       1.031420836322e+03 
       2.852983987880e-01       1.005267077592e+03 
       2.885043116167e-01       9.808148451804e+02 
       2.917102253170e-01       9.581632555286e+02 
       2.949161398605e-01       9.373469584606e+02 
       2.981220552197e-01       9.181960676441e+02 
       3.013279713685e-01       9.005436341651e+02 
       3.045338882818e-01       8.840939158912e+02 
       3.077398059356e-01       8.686064019955e+02 
       3.109457243069e-01       8.537652721962e+02 
       3.141516433736e-01       8.392769880497e+02 
       3.173575631145e-01       8.250058145053e+02 
       3.205634835093e-01       8.106477728065e+02 
       3.237694045384e-01       7.960617132489e+02 
       3.269753261832e-01       7.812958045101e+02 
       3.301812484256e-01       7.662693308279e+02 
       3.333871712482e-01       7.510994506449e+02 
       3.365930946345e-01       7.359102666840e+02 
       3.397990185684e-01       7.208430511962e+02 
       3.430049430344e-01       7.060064405726e+02 
       3.462108680178e-01       6.915859696505e+02 
       3.494167935041e-01       6.776663223609e+02 
       3.526227194797e-01       6.643219185321e+02 
       3.558286459312e-01       6.515911080060e+02 
       3.590345728459e-01       6.395452607336e+02 
       3.622405002114e-01       6.281331315435e+02 
       3.654464280157e-01       6.173276094993e+02 
       3.686523562474e-01       6.070676935873e+02 
       3.718582848954e-01       5.972281476866e+02 
       3.750642139489e-01       5.877281385340e+02 
       3.782701433976e-01       5.784211012958e+02 
       3.814760732315e-01       5.692921403733e+02 
       3.846820034410e-01       5.602847706902e+02 
       3.878879340166e-01       5.513092821208e+02 
       3.910938649493e-01       5.423980403874e+02 
       3.942997962305e-01       5.334954176042e+02 
       3.975057278515e-01       5.246529495175e+02 
       4.007116598043e-01       5.158436002525e+02 
       4.039175920809e-01       5.071253311508e+02 
       4.071235246736e-01       4.985450216903e+02 
       4.103294575750e-01       4.901374951877e+02 
       4.135353907778e-01       4.819597445196e+02 
       4.167413242752e-01       4.740033154691e+02 
       4.199472580603e-01       4.662888918089e+02 
       4.231531921265e-01       4.588393285809e+02 
       4.263591264675e-01       4.516384495398e+02 
       4.295650610771e-01       4.446762458958e+02 
       4.327709959494e-01       4.379412066663e+02 
       4.359769310785e-01       4.314251861260e+02 
       4.391828664587e-01       4.250959000005e+02 
       4.423888020846e-01       4.189161478812e+02 
       4.455947379509e-01       4.128931221163e+02 
       4.488006740524e-01       4.069985251763e+02 
       4.520066103840e-01       4.011598880467e+02 
       4.552125469409e-01       3.954004054523e+02 
       4.584184837184e-01       3.897083130174e+02 
       4.616244207118e-01       3.840795201912e+02 
       4.648303579167e-01       3.785178945068e+02 
       4.680362953287e-01       3.730288686363e+02 
       4.712422329435e-01       3.676176205122e+02 
       4.744481707570e-01       3.622900543449e+02 
       4.776541087653e-01       3.570677686602e+02 
       4.808600469643e-01       3.519337486510e+02 
       4.840659853504e-01       3.469114658508e+02 
       4.872719239197e-01       3.420153143167e+02 
       4.904778626688e-01       3.372479791627e+02 
       4.936838015940e-01       3.326108751293e+02 
       4.968897406920e-01       3.280952920347e+02 
       5.000956799594e-01       3.236921507239e+02 
       5.033016193930e-01       3.193900283875e+02 
       5.065075589896e-01       3.151755532290e+02 
       5.097134987461e-01       3.110490812971e+02 
       5.129194386596e-01       3.069962135619e+02 
       5.161253787270e-01       3.030113548466e+02 
       5.193313189456e-01       2.990922259686e+02 
       5.225372593125e-01       2.952288593858e+02 
       5.257431998250e-01       2.914173946811e+02 
       5.289491404804e-01       2.876543578952e+02 
       5.321550812763e-01       2.839408192187e+02 
       5.353610222099e-01       2.802811846035e+02 
       5.385669632789e-01       2.766807645128e+02 
       5.417729044809e-01       2.731442161079e+02 
       5.449788458135e-01       2.696729429290e+02 
       5.481847872744e-01       2.662679604477e+02 
       5.513907288614e-01       2.629277309974e+02 
       5.545966705722e-01       2.596495257617e+02 
       5.578026124048e-01       2.564338961159e+02 
       5.610085543570e-01       2.532802588557e+02 
       5.642144964267e-01       2.501888800280e+02 
       5.912890586294e-01       2.261795687676e+02 
       6.218764266666e-01       2.026006496462e+02 
       6.572237816308e-01       1.795164597695e+02 
       6.993581361202e-01       1.564931279569e+02 
       7.518222168467e-01       1.332445461178e+02 
       8.213610621629e-01       1.092532127620e+02 
       9.218987684958e-01       8.407698146982e+01 
       1.081607108914e+00       5.823387427374e+01 
       1.334354070666e+00       3.564629574414e+01 
       1.677592721628e+00       2.067798033413e+01 
       2.111925029177e+00       1.185030941828e+01 
       2.658755956604e+00       6.735584922273e+00 
       3.347175437468e+00       3.800331460954e+00 
       4.213844215962e+00       2.129660070688e+00 
       5.304915564817e+00       1.186172197961e+00 
