# Matter power spectrum P(k) at redshift z=0
# for k=1.04206e-05 to 5.30492 h/Mpc,
# number of wavenumbers equal to 556
#    1:k (h/Mpc)              2:P (Mpc/h)^3        
       1.042057218102e-05       4.833537524257e+01 
       2.326965112342e-05       1.050300524702e+02 
       3.616368416807e-05       1.608004190359e+02 
       4.913719191669e-05       2.162184422706e+02 
       6.222526306398e-05       2.716135683953e+02 
       7.546386573317e-05       3.272350781225e+02 
       8.889016871848e-05       3.832976870308e+02 
       1.025428768879e-04       4.400002620055e+02 
       1.164625850317e-04       4.975354595612e+02 
       1.306921544768e-04       5.560955874841e+02 
       1.452771167918e-04       6.158767098483e+02 
       1.602661088541e-04       6.770818627319e+02 
       1.757113433752e-04       7.399238149255e+02 
       1.916691186266e-04       8.046276083373e+02 
       2.082003704669e-04       8.714329999359e+02 
       2.253712687328e-04       9.405968882139e+02 
       2.432538584349e-04       1.012395745278e+03 
       2.619267438096e-04       1.087128084224e+03 
       2.814758098253e-04       1.165116929060e+03 
       3.019949709326e-04       1.246712254515e+03 
       3.235869302973e-04       1.332293316330e+03 
       3.463639240714e-04       1.422270766593e+03 
       3.704484140771e-04       1.517088385226e+03 
       3.959736783330e-04       1.617224230552e+03 
       4.230842321551e-04       1.723190921049e+03 
       4.519359935994e-04       1.835534712360e+03 
       4.826960870599e-04       1.954832963636e+03 
       5.155421603068e-04       2.081689526498e+03 
       5.506610770795e-04       2.216727578831e+03 
       5.882468451648e-04       2.360579416972e+03 
       6.284976558480e-04       2.513872886602e+03 
       6.716119524910e-04       2.677214254440e+03 
       7.177835202431e-04       2.851167694468e+03 
       7.671956976726e-04       3.036232032437e+03 
       8.200149485734e-04       3.232815837468e+03 
       8.763841814427e-04       3.441212619116e+03 
       9.364163367208e-04       3.661578174287e+03 
       1.000188842063e-03       3.893912553925e+03 
       1.067739530145e-03       4.138048808655e+03 
       1.139064503247e-03       4.393650218463e+03 
       1.214118221432e-03       4.660216781374e+03 
       1.292815822649e-03       4.937100928312e+03 
       1.375037409677e-03       5.223510080468e+03 
       1.460633819123e-03       5.518572228716e+03 
       1.549433263665e-03       5.821370253556e+03 
       1.641248223778e-03       6.130931099025e+03 
       1.735882044008e-03       6.446272510469e+03 
       1.833134827638e-03       6.766426374254e+03 
       1.932808383275e-03       7.090457893526e+03 
       2.034710125338e-03       7.417479737766e+03 
       2.138655947732e-03       7.746661729448e+03 
       2.244472169001e-03       8.077237258129e+03 
       2.351996690227e-03       8.408504831738e+03 
       2.461079521249e-03       8.739830673430e+03 
       2.571582825440e-03       9.070642180453e+03 
       2.683380616479e-03       9.400428718893e+03 
       2.796358218588e-03       9.728736855671e+03 
       2.910411578978e-03       1.005516448547e+04 
       3.025446500195e-03       1.037935853424e+04 
       3.141377842005e-03       1.070100809377e+04 
       3.258128727724e-03       1.101984287605e+04 
       3.375629778368e-03       1.133562616162e+04 
       3.493818389279e-03       1.164815366995e+04 
       3.612638057479e-03       1.195724827440e+04 
       3.732037763470e-03       1.226275943275e+04 
       3.851971408043e-03       1.256455608242e+04 
       3.972397302633e-03       1.286253087175e+04 
       4.093277710446e-03       1.315658978651e+04 
       4.214578434858e-03       1.344665868588e+04 
       4.336268451247e-03       1.373267314546e+04 
       4.458319578333e-03       1.401458619250e+04 
       4.580706185188e-03       1.429235627225e+04 
       4.703404930262e-03       1.456594929630e+04 
       4.826394529030e-03       1.483530449455e+04 
       4.949655547142e-03       1.510050676005e+04 
       5.073170216248e-03       1.536146867832e+04 
       5.196922269937e-03       1.561821113041e+04 
       5.320896797515e-03       1.587077423269e+04 
       5.445080113588e-03       1.611917089480e+04 
       5.569459641634e-03       1.636335295702e+04 
       5.694023809978e-03       1.660261993016e+04 
       5.818761958739e-03       1.683846144003e+04 
       5.943664256511e-03       1.707016149349e+04 
       6.068721625672e-03       1.729769665990e+04 
       6.193925675349e-03       1.752122545175e+04 
       6.319268641182e-03       1.774084822037e+04 
       6.444743331135e-03       1.795662323608e+04 
       6.570343076681e-03       1.816789628989e+04 
       6.696061688782e-03       1.837529666808e+04 
       6.821893418135e-03       1.857871497124e+04 
       6.947832919238e-03       1.877832629721e+04 
       7.073875217858e-03       1.897407745507e+04 
       7.200015681550e-03       1.916595565312e+04 
       7.326249992911e-03       1.935404214352e+04 
       7.452574125278e-03       1.953822260318e+04 
       7.578984320627e-03       1.971886691991e+04 
       7.705477069457e-03       1.989631577716e+04 
       7.832049092443e-03       2.006958404358e+04 
       7.958697323705e-03       2.023922019873e+04 
       8.085418895512e-03       2.040527660844e+04 
       8.212211124305e-03       2.056784230527e+04 
       8.339071497896e-03       2.072688214362e+04 
       8.465997663740e-03       2.088244544525e+04 
       8.592987418178e-03       2.103458589788e+04 
       8.720038696556e-03       2.118333590168e+04 
       8.847149564156e-03       2.132872280084e+04 
       8.974318207839e-03       2.147074896989e+04 
       9.101542928364e-03       2.160952609827e+04 
       9.228822133307e-03       2.174505552269e+04 
       9.356154330527e-03       2.187736350178e+04 
       9.483538122139e-03       2.200650965587e+04 
       9.610972198953e-03       2.213251464218e+04 
       9.738455335323e-03       2.225544358080e+04 
       9.865986384394e-03       2.237521203908e+04 
       9.993564273694e-03       2.249205673374e+04 
       1.012118800106e-02       2.260576012301e+04 
       1.024885663085e-02       2.271655107581e+04 
       1.037656929045e-02       2.282448618497e+04 
       1.050432516701e-02       2.292943013530e+04 
       1.063212350445e-02       2.303145388272e+04 
       1.075996360063e-02       2.313077185015e+04 
       1.088784480475e-02       2.322710610148e+04 
       1.101576651498e-02       2.332079542707e+04 
       1.114372817613e-02       2.341171284295e+04 
       1.127172927762e-02       2.349993376154e+04 
       1.139976935154e-02       2.358545275685e+04 
       1.152784797079e-02       2.366832620826e+04 
       1.165596474745e-02       2.374859050849e+04 
       1.178411933118e-02       2.382626739999e+04 
       1.191231140780e-02       2.390138355685e+04 
       1.204054069789e-02       2.397403850042e+04 
       1.216880695557e-02       2.404401212801e+04 
       1.229710996733e-02       2.411163818500e+04 
       1.242544955090e-02       2.417679274553e+04 
       1.255382555428e-02       2.423957672165e+04 
       1.268223785481e-02       2.429995670915e+04 
       1.281068635825e-02       2.435802947698e+04 
       1.293917099803e-02       2.441371665824e+04 
       1.306769173445e-02       2.446713957612e+04 
       1.319624855405e-02       2.451823976681e+04 
       1.332484146892e-02       2.456714697665e+04 
       1.345347051615e-02       2.461385638017e+04 
       1.358213575726e-02       2.465839964530e+04 
       1.371083727772e-02       2.470067323569e+04 
       1.383957518651e-02       2.474081973885e+04 
       1.396834961569e-02       2.477886986330e+04 
       1.409716072003e-02       2.481488580342e+04 
       1.422600867665e-02       2.484884064265e+04 
       1.435489368476e-02       2.488073328363e+04 
       1.448381596533e-02       2.491058837502e+04 
       1.461277576092e-02       2.493852417819e+04 
       1.474177333540e-02       2.496447893361e+04 
       1.487080897380e-02       2.498852696606e+04 
       1.499988298214e-02       2.501058310869e+04 
       1.512899568732e-02       2.503083095493e+04 
       1.525814743700e-02       2.504917894554e+04 
       1.538733859953e-02       2.506574520480e+04 
       1.551656956385e-02       2.508042567825e+04 
       1.564584073954e-02       2.509338485020e+04 
       1.577515255670e-02       2.510452708222e+04 
       1.590450546606e-02       2.511400946150e+04 
       1.603389993894e-02       2.512171335220e+04 
       1.616333646732e-02       2.512772424889e+04 
       1.629281556390e-02       2.513208041101e+04 
       1.642233776221e-02       2.513473499440e+04 
       1.655190361669e-02       2.513574532024e+04 
       1.668151370282e-02       2.513528426662e+04 
       1.681116861728e-02       2.513313844373e+04 
       1.694086897806e-02       2.512956214137e+04 
       1.707061542472e-02       2.512427663274e+04 
       1.720040861847e-02       2.511751071953e+04 
       1.733024924251e-02       2.510924790883e+04 
       1.746013800215e-02       2.509956182606e+04 
       1.759007562510e-02       2.508839575560e+04 
       1.772006286174e-02       2.507484882797e+04 
       1.785010048539e-02       2.506180468609e+04 
       1.798018929257e-02       2.504556487907e+04 
       1.811033010338e-02       2.502966584826e+04 
       1.824052376175e-02       2.501068267454e+04 
       1.837077113585e-02       2.499122546714e+04 
       1.850107311840e-02       2.497072225971e+04 
       1.863143062710e-02       2.494919480784e+04 
       1.876184460497e-02       2.492576020750e+04 
       1.889231602079e-02       2.490059402761e+04 
       1.902284586954e-02       2.487532199676e+04 
       1.915343517282e-02       2.484768020142e+04 
       1.928408497933e-02       2.481924435527e+04 
       1.941479636536e-02       2.478962790395e+04 
       1.954557043527e-02       2.476028104386e+04 
       1.967640832202e-02       2.472850302136e+04 
       1.980731118771e-02       2.469557229014e+04 
       1.993828022414e-02       2.466112120981e+04 
       2.006931665338e-02       2.462615209983e+04 
       2.020042172836e-02       2.458988474258e+04 
       2.033159673351e-02       2.455368835056e+04 
       2.046284298537e-02       2.451556893621e+04 
       2.059416183327e-02       2.447641451668e+04 
       2.072555466002e-02       2.443523801880e+04 
       2.085702288256e-02       2.439434766714e+04 
       2.098856795276e-02       2.435298513687e+04 
       2.112019135811e-02       2.430925948970e+04 
       2.125189462254e-02       2.426511351812e+04 
       2.138367930717e-02       2.422030591320e+04 
       2.151554701117e-02       2.417454540030e+04 
       2.164749937262e-02       2.412799860350e+04 
       2.177953806933e-02       2.408065887207e+04 
       2.191166481979e-02       2.403233688344e+04 
       2.204388138412e-02       2.398314604514e+04 
       2.217618956496e-02       2.393311996959e+04 
       2.230859120855e-02       2.388247865179e+04 
       2.244108820567e-02       2.383093219970e+04 
       2.257368249275e-02       2.377857252274e+04 
       2.270637605295e-02       2.372565027513e+04 
       2.283917091726e-02       2.367231404531e+04 
       2.297206916568e-02       2.361743152443e+04 
       2.310507292839e-02       2.356294636157e+04 
       2.323818438700e-02       2.350639403905e+04 
       2.337140577581e-02       2.344985749783e+04 
       2.350473938315e-02       2.339255400965e+04 
       2.363818755266e-02       2.333495692451e+04 
       2.377175268477e-02       2.327635173406e+04 
       2.390543723807e-02       2.321726479881e+04 
       2.403924373083e-02       2.315767087723e+04 
       2.417317474253e-02       2.309731075586e+04 
       2.430723291542e-02       2.303720024228e+04 
       2.444142095618e-02       2.297520917507e+04 
       2.457574163760e-02       2.291310984483e+04 
       2.471019780028e-02       2.285120456721e+04 
       2.484479235450e-02       2.278779995473e+04 
       2.497952828202e-02       2.272432117883e+04 
       2.511440863801e-02       2.266001214392e+04 
       2.524943655303e-02       2.259554947578e+04 
       2.538461523512e-02       2.253074463802e+04 
       2.551994797184e-02       2.246530676030e+04 
       2.565543813252e-02       2.239942074777e+04 
       2.579108917051e-02       2.233320949569e+04 
       2.592690462549e-02       2.226652027528e+04 
       2.606288812592e-02       2.219928126015e+04 
       2.619904339155e-02       2.213225748621e+04 
       2.633537423597e-02       2.206384324652e+04 
       2.647188456935e-02       2.199548448748e+04 
       2.660857840116e-02       2.192687194029e+04 
       2.674545984307e-02       2.185778369876e+04 
       2.688253311194e-02       2.178887949697e+04 
       2.701980253287e-02       2.171878953193e+04 
       2.715727254244e-02       2.164914393468e+04 
       2.729494769197e-02       2.157881948783e+04 
       2.743283265099e-02       2.150795161494e+04 
       2.757093221079e-02       2.143698169210e+04 
       2.770925128811e-02       2.136581821675e+04 
       2.784779492897e-02       2.129458090224e+04 
       2.798656831264e-02       2.122266362709e+04 
       2.812557675579e-02       2.115069070957e+04 
       2.826482571672e-02       2.107851822883e+04 
       2.840432079988e-02       2.100605976146e+04 
       2.854406776042e-02       2.093342772806e+04 
       2.868407250906e-02       2.086051621596e+04 
       2.882434111702e-02       2.078742891945e+04 
       2.896487982126e-02       2.071446214600e+04 
       2.910569502983e-02       2.064071728913e+04 
       2.924679332755e-02       2.056707409864e+04 
       2.938818148178e-02       2.049365149009e+04 
       2.952986644856e-02       2.041931484440e+04 
       2.967185537893e-02       2.034565256372e+04 
       2.981415562554e-02       2.027083283847e+04 
       2.995677474950e-02       2.019649525316e+04 
       3.009972052758e-02       2.012187322172e+04 
       3.024300095968e-02       2.004724798368e+04 
       3.038662427662e-02       1.997277369954e+04 
       3.053059894830e-02       1.989750765029e+04 
       3.067493369218e-02       1.982253768216e+04 
       3.081963748218e-02       1.974741984763e+04 
       3.096471955791e-02       1.967218223200e+04 
       3.111018943440e-02       1.959688163193e+04 
       3.125605691220e-02       1.952186916277e+04 
       3.140233208800e-02       1.944639234325e+04 
       3.154902536572e-02       1.937076387243e+04 
       3.169614746808e-02       1.929508573575e+04 
       3.184370944881e-02       1.921941130035e+04 
       3.199172270533e-02       1.914387997550e+04 
       3.214019899213e-02       1.906802831041e+04 
       3.228915043476e-02       1.899224840555e+04 
       3.243858954453e-02       1.891650425235e+04 
       3.258852923389e-02       1.884086745611e+04 
       3.273898283262e-02       1.876493626867e+04 
       3.288996410486e-02       1.868899354524e+04 
       3.304148726696e-02       1.861305654443e+04 
       3.319356700626e-02       1.853732413945e+04 
       3.334621850089e-02       1.846142659251e+04 
       3.349945744058e-02       1.838547198367e+04 
       3.365330004854e-02       1.830939506504e+04 
       3.380776310462e-02       1.823348187725e+04 
       3.396286396965e-02       1.815774149109e+04 
       3.411862061110e-02       1.808189828518e+04 
       3.427505163025e-02       1.800591934721e+04 
       3.443217629083e-02       1.792993766462e+04 
       3.459001454926e-02       1.785440661727e+04 
       3.474858708671e-02       1.777828506259e+04 
       3.490791534296e-02       1.770245921377e+04 
       3.506802155224e-02       1.762678528899e+04 
       3.522892878128e-02       1.755111532647e+04 
       3.539066096952e-02       1.747527429556e+04 
       3.555324297194e-02       1.739962112790e+04 
       3.571670060433e-02       1.732395970833e+04 
       3.588106069155e-02       1.724829391000e+04 
       3.604635111876e-02       1.717274429143e+04 
       3.621260088590e-02       1.709727686946e+04 
       3.637984016575e-02       1.702176862824e+04 
       3.654810036579e-02       1.694620821169e+04 
       3.671741419408e-02       1.687103523844e+04 
       3.688781572972e-02       1.679550524661e+04 
       3.705934049795e-02       1.672007931122e+04 
       3.723202555053e-02       1.664478360645e+04 
       3.740590955172e-02       1.656942886619e+04 
       3.758103287036e-02       1.649419797477e+04 
       3.775743767855e-02       1.641912005899e+04 
       3.793516805749e-02       1.634398857967e+04 
       3.811427011127e-02       1.626864518035e+04 
       3.829479208903e-02       1.619357139418e+04 
       3.847678451653e-02       1.611853736850e+04 
       3.866030033781e-02       1.604338346834e+04 
       3.884539506797e-02       1.596819330006e+04 
       3.903212695812e-02       1.589332636766e+04 
       3.922055717360e-02       1.581825096667e+04 
       3.941074998689e-02       1.574326261236e+04 
       3.960277298649e-02       1.566817468735e+04 
       3.979669730355e-02       1.559323067465e+04 
       3.999259785801e-02       1.551845135553e+04 
       4.019055362619e-02       1.544330433247e+04 
       4.039064793222e-02       1.536839430378e+04 
       4.059296876580e-02       1.529337090560e+04 
       4.079760912922e-02       1.521799805309e+04 
       4.100466741681e-02       1.514315575926e+04 
       4.121424783056e-02       1.506812875552e+04 
       4.142646083607e-02       1.499280630304e+04 
       4.164142366350e-02       1.491754900002e+04 
       4.185926085895e-02       1.484238915161e+04 
       4.208010489239e-02       1.476708135335e+04 
       4.230409682914e-02       1.469154464026e+04 
       4.253138707286e-02       1.461596579230e+04 
       4.276213618943e-02       1.454050111461e+04 
       4.299651582211e-02       1.446464650505e+04 
       4.323470971049e-02       1.438894271433e+04 
       4.347691482711e-02       1.431273221094e+04 
       4.372334264845e-02       1.423662657407e+04 
       4.397422057936e-02       1.416024983487e+04 
       4.422979355318e-02       1.408372392781e+04 
       4.449032583397e-02       1.400691406515e+04 
       4.475610305132e-02       1.393013214644e+04 
       4.502743450429e-02       1.385275562237e+04 
       4.530465577708e-02       1.377526605027e+04 
       4.558813171754e-02       1.369756158886e+04 
       4.587825983897e-02       1.361962125584e+04 
       4.617547421776e-02       1.354100727102e+04 
       4.648024997382e-02       1.346220127235e+04 
       4.679310843848e-02       1.338302500228e+04 
       4.711462313673e-02       1.330320749281e+04 
       4.744542673780e-02       1.322263626691e+04 
       4.778621916177e-02       1.314223575444e+04 
       4.813777707257e-02       1.306086030871e+04 
       4.850096504050e-02       1.297861062049e+04 
       4.887674872438e-02       1.289548089590e+04 
       4.926621050782e-02       1.281183612949e+04 
       4.967056813129e-02       1.272743158267e+04 
       5.009119699784e-02       1.264192894429e+04 
       5.052965700368e-02       1.255535413490e+04 
       5.098772496627e-02       1.246750995741e+04 
       5.146743400414e-02       1.237857688185e+04 
       5.197112157982e-02       1.228832244295e+04 
       5.250148836704e-02       1.219601950514e+04 
       5.306167066023e-02       1.210206699906e+04 
       5.365532971716e-02       1.200588328648e+04 
       5.428676219834e-02       1.190687301631e+04 
       5.496103667465e-02       1.180510141628e+04 
       5.568416183614e-02       1.169977069800e+04 
       5.646329214238e-02       1.159049453096e+04 
       5.730697534282e-02       1.147630412295e+04 
       5.822544184871e-02       1.135622127759e+04 
       5.923092511196e-02       1.122881783051e+04 
       6.033797923594e-02       1.109125399809e+04 
       6.156371593844e-02       1.094282137126e+04 
       6.292780625559e-02       1.077871871264e+04 
       6.445197707251e-02       1.059450316634e+04 
       6.615860368778e-02       1.038503174864e+04 
       6.806796606597e-02       1.014355414713e+04 
       7.019404110224e-02       9.861758588714e+03 
       7.253961323802e-02       9.534317548468e+03 
       7.509278884951e-02       9.157676515307e+03 
       7.782744545859e-02       8.734918587472e+03 
       8.070834073576e-02       8.275447822075e+03 
       8.369850861904e-02       7.795273144054e+03 
       8.676533509274e-02       7.312753567608e+03 
       8.988341099441e-02       6.846657180833e+03 
       9.303459742911e-02       6.412864865753e+03 
       9.620668980126e-02       6.022899356470e+03 
       9.939178833922e-02       5.683465998130e+03 
       1.025849043468e-01       5.396383898603e+03 
       1.057829356871e-01       5.159317658088e+03 
       1.089839715771e-01       4.966670460681e+03 
       1.121868418096e-01       4.810156526031e+03 
       1.153908321570e-01       4.680698607673e+03 
       1.185955075229e-01       4.568226070659e+03 
       1.218006030915e-01       4.463102948562e+03 
       1.250059577113e-01       4.357185519726e+03 
       1.282114732677e-01       4.243793152853e+03 
       1.314170899559e-01       4.118513201251e+03 
       1.346227712497e-01       3.980368760550e+03 
       1.378284947709e-01       3.830058211410e+03 
       1.410342467442e-01       3.670243273078e+03 
       1.442400186307e-01       3.505346752913e+03 
       1.474458050829e-01       3.340239280680e+03 
       1.506516027036e-01       3.180161604044e+03 
       1.538574092904e-01       3.029448209525e+03 
       1.570632233773e-01       2.891540170932e+03 
       1.602690439548e-01       2.768785616282e+03 
       1.634748702995e-01       2.661962761343e+03 
       1.666807018699e-01       2.571005325879e+03 
       1.698865382422e-01       2.494404135131e+03 
       1.730923790710e-01       2.430218310237e+03 
       1.762982240647e-01       2.375513688258e+03 
       1.795040729700e-01       2.327484827669e+03 
       1.827099255621e-01       2.283147450761e+03 
       1.859157816382e-01       2.240054984146e+03 
       1.891216410134e-01       2.195529433081e+03 
       1.923275035174e-01       2.147532709926e+03 
       1.955333689927e-01       2.095195021497e+03 
       1.987392372930e-01       2.038338319338e+03 
       2.019451082818e-01       1.977491731293e+03 
       2.051509818316e-01       1.913909054396e+03 
       2.083568578229e-01       1.849134645504e+03 
       2.115627361437e-01       1.784758553434e+03 
       2.147686166889e-01       1.722350374926e+03 
       2.179744993594e-01       1.663162923071e+03 
       2.211803840622e-01       1.608063996578e+03 
       2.243862707095e-01       1.557879080582e+03 
       2.275921592185e-01       1.512681099009e+03 
       2.307980495112e-01       1.472641020632e+03 
       2.340039415136e-01       1.437283677104e+03 
       2.372098351561e-01       1.406075429703e+03 
       2.404157303726e-01       1.378160985986e+03 
       2.436216271005e-01       1.352617053554e+03 
       2.468275252805e-01       1.328369764297e+03 
       2.500334248565e-01       1.304696202688e+03 
       2.532393257751e-01       1.280659382944e+03 
       2.564452279856e-01       1.255833389799e+03 
       2.596511314399e-01       1.229998601036e+03 
       2.628570360921e-01       1.202990660808e+03 
       2.660629418989e-01       1.174927344452e+03 
       2.692688488185e-01       1.146069349722e+03 
       2.724747568116e-01       1.116793850720e+03 
       2.756806658405e-01       1.087608695626e+03 
       2.788865758692e-01       1.059003438222e+03 
       2.820924868635e-01       1.031420834867e+03 
       2.852983987906e-01       1.005266943127e+03 
       2.885043116194e-01       9.808147305716e+02 
       2.917102253197e-01       9.581631670894e+02 
       2.949161398632e-01       9.373469099686e+02 
       2.981220552225e-01       9.181960701804e+02 
       3.013279713713e-01       9.005438222393e+02 
       3.045338882846e-01       8.840939160480e+02 
       3.077398059384e-01       8.686063978214e+02 
       3.109457243097e-01       8.537652616178e+02 
       3.141516433764e-01       8.392769885176e+02 
       3.173575631174e-01       8.250065955611e+02 
       3.205634835122e-01       8.106477824668e+02 
       3.237694045414e-01       7.960617128281e+02 
       3.269753261862e-01       7.812958045353e+02 
       3.301812484286e-01       7.662694433922e+02 
       3.333871712512e-01       7.510996020189e+02 
       3.365930946375e-01       7.359102665889e+02 
       3.397990185714e-01       7.208428445231e+02 
       3.430049430375e-01       7.060064410677e+02 
       3.462108680209e-01       6.915859696901e+02 
       3.494167935072e-01       6.776669855822e+02 
       3.526227194828e-01       6.643219185992e+02 
       3.558286459344e-01       6.515906448202e+02 
       3.590345728491e-01       6.395443212885e+02 
       3.622405002146e-01       6.281324948116e+02 
       3.654464280189e-01       6.173276120578e+02 
       3.686523562506e-01       6.070680200600e+02 
       3.718582848986e-01       5.972277830323e+02 
       3.750642139522e-01       5.877281387918e+02 
       3.782701434009e-01       5.784210593414e+02 
       3.814760732349e-01       5.692921405701e+02 
       3.846820034444e-01       5.602850745386e+02 
       3.878879340200e-01       5.513092845178e+02 
       3.910938649528e-01       5.423980404249e+02 
       3.942997962339e-01       5.334954202700e+02 
       3.975057278550e-01       5.246530923806e+02 
       4.007116598078e-01       5.158436008199e+02 
       4.039175920844e-01       5.071248044264e+02 
       4.071235246771e-01       4.985452516103e+02 
       4.103294575785e-01       4.901375316287e+02 
       4.135353907814e-01       4.819599666260e+02 
       4.167413242788e-01       4.740028838750e+02 
       4.199472580639e-01       4.662889228926e+02 
       4.231531921301e-01       4.588394329068e+02 
       4.263591264712e-01       4.516385871224e+02 
       4.295650610808e-01       4.446765114710e+02 
       4.327709959531e-01       4.379411444357e+02 
       4.359769310822e-01       4.314251219969e+02 
       4.391828664624e-01       4.250955912617e+02 
       4.423888020884e-01       4.189161448849e+02 
       4.455947379547e-01       4.128931595531e+02 
       4.488006740562e-01       4.069984838796e+02 
       4.520066103878e-01       4.011598457236e+02 
       4.552125469448e-01       3.954004354429e+02 
       4.584184837223e-01       3.897082851925e+02 
       4.616244207157e-01       3.840794285770e+02 
       4.648303579206e-01       3.785178943635e+02 
       4.680362953326e-01       3.730288725494e+02 
       4.712422329475e-01       3.676175646159e+02 
       4.744481707610e-01       3.622900735110e+02 
       4.776541087693e-01       3.570677673120e+02 
       4.808600469684e-01       3.519337490889e+02 
       4.840659853545e-01       3.469112734629e+02 
       4.872719239238e-01       3.420152522608e+02 
       4.904778626729e-01       3.372479839001e+02 
       4.936838015982e-01       3.326108698230e+02 
       4.968897406962e-01       3.280952408246e+02 
       5.000956799636e-01       3.236921637999e+02 
       5.033016193972e-01       3.193900274667e+02 
       5.065075589938e-01       3.151755564893e+02 
       5.097134987504e-01       3.110490718466e+02 
       5.129194386639e-01       3.069962211390e+02 
       5.161253787313e-01       3.030113645232e+02 
       5.193313189499e-01       2.990921580432e+02 
       5.225372593168e-01       2.952288508465e+02 
       5.257431998293e-01       2.914173839092e+02 
       5.289491404848e-01       2.876543915266e+02 
       5.321550812807e-01       2.839408193215e+02 
       5.353610222144e-01       2.802812322584e+02 
       5.385669632834e-01       2.766807645585e+02 
       5.417729044854e-01       2.731442304505e+02 
       5.449788458180e-01       2.696729259601e+02 
       5.481847872790e-01       2.662679745187e+02 
       5.513907288659e-01       2.629277255776e+02 
       5.545966705768e-01       2.596495220747e+02 
       5.578026124094e-01       2.564338563187e+02 
       5.610085543616e-01       2.532802433853e+02 
       5.642144964314e-01       2.501888295811e+02 
       5.912890586343e-01       2.261795678394e+02 
       6.218764266718e-01       2.026006595382e+02 
       6.572237816365e-01       1.795164618270e+02 
       6.993581361263e-01       1.564930827480e+02 
       7.518222168535e-01       1.332445517507e+02 
       8.213610621708e-01       1.092532103225e+02 
       9.218987685054e-01       8.407698365907e+01 
       1.081607108926e+00       5.823387298182e+01 
       1.334354070682e+00       3.564629749940e+01 
       1.677592721649e+00       2.067798043341e+01 
       2.111925029203e+00       1.185030919698e+01 
       2.658755956638e+00       6.735586013841e+00 
       3.347175437511e+00       3.800331340980e+00 
       4.213844216015e+00       2.129660092712e+00 
       5.304915564884e+00       1.186172148959e+00 
