# Matter power spectrum P(k) at redshift z=0
# for k=1.04734e-05 to 5.37455 h/Mpc,
# number of wavenumbers equal to 556
#    1:k (h/Mpc)              2:P (Mpc/h)^3        
       1.047341826327e-05       4.746983039446e+01 
       2.340509133114e-05       1.032608687112e+02 
       3.638255171387e-05       1.581583835038e+02 
       4.944099241502e-05       2.127218752938e+02 
       6.261619266315e-05       2.672751859917e+02 
       7.594483945287e-05       3.220643732177e+02 
       8.946485943912e-05       3.773020786115e+02 
       1.032157656313e-04       4.331857685995e+02 
       1.172390233675e-04       4.899071552341e+02 
       1.315784400831e-04       5.476579499919e+02 
       1.462805833929e-04       6.066339192873e+02 
       1.613952319398e-04       6.670380712555e+02 
       1.769758632770e-04       7.290834212916e+02 
       1.930801826540e-04       7.929955323797e+02 
       2.097706958886e-04       8.590149816229e+02 
       2.271153283683e-04       9.273998052084e+02 
       2.451880904712e-04       9.984279611688e+02 
       2.640697870973e-04       1.072399821959e+03 
       2.838487652609e-04       1.149640676448e+03 
       3.046216884777e-04       1.230503188736e+03 
       3.264943195872e-04       1.315369741795e+03 
       3.495822842575e-04       1.404654543920e+03 
       3.740117753490e-04       1.498805327343e+03 
       3.999201433013e-04       1.598304424965e+03 
       4.274562998293e-04       1.703668908757e+03 
       4.567808420525e-04       1.815449484891e+03 
       4.880657832575e-04       1.934227643102e+03 
       5.214937575691e-04       2.060610655383e+03 
       5.572565533210e-04       2.195223872823e+03 
       5.955528301348e-04       2.338699885452e+03 
       6.365848954209e-04       2.491664189119e+03 
       6.805544654215e-04       2.654717256023e+03 
       7.276574203439e-04       2.828413231391e+03 
       7.780776836563e-04       3.013235999195e+03 
       8.319805040432e-04       3.209573879767e+03 
       8.895055744706e-04       3.417694800209e+03 
       9.507605540451e-04       3.637724168127e+03 
       1.015815626368e-03       3.869627924042e+03 
       1.084699699437e-03       4.113202852538e+03 
       1.157398712241e-03       4.368075912628e+03 
       1.233856276673e-03       4.633712922017e+03 
       1.313976594587e-03       4.909436192199e+03 
       1.397629310913e-03       5.194423007918e+03 
       1.484655754493e-03       5.487796286177e+03 
       1.574875916525e-03       5.788623175512e+03 
       1.668095528510e-03       6.095928174828e+03 
       1.764112704755e-03       6.408733254237e+03 
       1.862723769977e-03       6.726080207026e+03 
       1.963728059920e-03       7.047048341160e+03 
       2.066931631177e-03       7.370767981191e+03 
       2.172149928393e-03       7.696429109301e+03 
       2.279209528398e-03       8.023285626894e+03 
       2.387949116031e-03       8.350658605043e+03 
       2.498219854176e-03       8.677933370747e+03 
       2.609885300350e-03       9.004559391410e+03 
       2.722821002176e-03       9.330045185122e+03 
       2.836913880337e-03       9.653955210552e+03 
       2.952061484092e-03       9.975904482415e+03 
       3.068171183285e-03       1.029555447729e+04 
       3.185159342959e-03       1.061260960105e+04 
       3.302950512456e-03       1.092681099728e+04 
       3.421476649825e-03       1.123793561519e+04 
       3.540676394158e-03       1.154578616829e+04 
       3.660494392512e-03       1.185019706239e+04 
       3.780880683908e-03       1.215102486117e+04 
       3.901790140068e-03       1.244814833777e+04 
       4.023181960736e-03       1.274146373289e+04 
       4.145019220328e-03       1.303088405858e+04 
       4.267268462079e-03       1.331634056970e+04 
       4.389899335606e-03       1.359777298327e+04 
       4.512884273795e-03       1.387513909787e+04 
       4.636198205096e-03       1.414839781694e+04 
       4.759818297501e-03       1.441751006227e+04 
       4.883723730784e-03       1.468246354094e+04 
       5.007895493880e-03       1.494328469097e+04 
       5.132316204582e-03       1.519992754682e+04 
       5.256969949001e-03       1.545235338412e+04 
       5.381842138547e-03       1.570071886454e+04 
       5.506919382402e-03       1.594493123979e+04 
       5.632189373715e-03       1.618498200008e+04 
       5.757640787928e-03       1.642017931400e+04 
       5.883263191858e-03       1.665201333517e+04 
       6.009046962286e-03       1.687974282094e+04 
       6.134983212994e-03       1.710336252373e+04 
       6.261063729283e-03       1.732306607468e+04 
       6.387280909135e-03       1.753886559658e+04 
       6.513627710278e-03       1.775093561426e+04 
       6.640097602511e-03       1.795851401492e+04 
       6.766684524701e-03       1.816227716745e+04 
       6.893382845959e-03       1.836221578631e+04 
       7.020187330529e-03       1.855832793721e+04 
       7.147093106015e-03       1.875062950514e+04 
       7.274095634574e-03       1.893895294597e+04 
       7.401190686791e-03       1.912379546197e+04 
       7.528374317928e-03       1.930476017366e+04 
       7.655642846335e-03       1.948268781430e+04 
       7.782992833784e-03       1.965643839181e+04 
       7.910421067544e-03       1.982657977416e+04 
       8.037924544026e-03       1.999317578778e+04 
       8.165500453831e-03       2.015625856213e+04 
       8.293146168086e-03       2.031584253397e+04 
       8.420859225933e-03       2.047199928319e+04 
       8.548637323054e-03       2.062472839697e+04 
       8.676478301160e-03       2.077408159618e+04 
       8.804380138325e-03       2.092009630181e+04 
       8.932340940114e-03       2.106276917188e+04 
       9.060358931413e-03       2.120219904813e+04 
       9.188432448914e-03       2.133840334604e+04 
       9.316559934186e-03       2.147140331044e+04 
       9.444739927286e-03       2.160125238858e+04 
       9.572971060860e-03       2.172796152917e+04 
       9.701252054703e-03       2.185157346676e+04 
       9.829581710719e-03       2.197213675178e+04 
       9.957958908264e-03       2.208967295936e+04 
       1.008638259984e-02       2.220421154189e+04 
       1.021485180711e-02       2.231579231000e+04 
       1.034336561718e-02       2.242380824471e+04 
       1.047192317919e-02       2.253021736463e+04 
       1.060052370111e-02       2.263314089051e+04 
       1.072916644681e-02       2.273328403448e+04 
       1.085785073331e-02       2.283049357161e+04 
       1.098657592822e-02       2.292501670079e+04 
       1.111534144741e-02       2.301680244160e+04 
       1.124414675274e-02       2.310590989728e+04 
       1.137299135011e-02       2.319234841026e+04 
       1.150187478746e-02       2.327613645040e+04 
       1.163079665308e-02       2.335730761103e+04 
       1.175975657392e-02       2.343591935074e+04 
       1.188875421407e-02       2.351198851501e+04 
       1.201778927334e-02       2.358551833139e+04 
       1.214686148594e-02       2.365664447639e+04 
       1.227597061923e-02       2.372509762553e+04 
       1.240511647261e-02       2.379128844971e+04 
       1.253429887643e-02       2.385508637956e+04 
       1.266351769099e-02       2.391644311073e+04 
       1.279277280568e-02       2.397548594224e+04 
       1.292206413808e-02       2.403232122438e+04 
       1.305139163319e-02       2.408668129542e+04 
       1.318075526269e-02       2.413887075368e+04 
       1.331015502432e-02       2.418889673126e+04 
       1.343959094117e-02       2.423663720523e+04 
       1.356906306121e-02       2.428210500259e+04 
       1.369857145667e-02       2.432554098447e+04 
       1.382811622365e-02       2.436679377159e+04 
       1.395769748160e-02       2.440599082378e+04 
       1.408731537297e-02       2.444314159885e+04 
       1.421697006284e-02       2.447811572648e+04 
       1.434666173859e-02       2.451121822553e+04 
       1.447639060957e-02       2.454215662043e+04 
       1.460615690692e-02       2.457115830671e+04 
       1.473596088326e-02       2.459825071648e+04 
       1.486580281252e-02       2.462345980843e+04 
       1.499568298979e-02       2.464677975010e+04 
       1.512560173112e-02       2.466814086711e+04 
       1.525555937345e-02       2.468764934166e+04 
       1.538555627450e-02       2.470466000355e+04 
       1.551559281266e-02       2.472127003288e+04 
       1.564566938700e-02       2.473538726171e+04 
       1.577578641720e-02       2.474784392816e+04 
       1.590594434359e-02       2.475840484607e+04 
       1.603614362710e-02       2.476727564188e+04 
       1.616638474936e-02       2.477461436254e+04 
       1.629666821270e-02       2.478015506674e+04 
       1.642699454030e-02       2.478403180717e+04 
       1.655736427619e-02       2.478629003244e+04 
       1.668777798545e-02       2.478704597802e+04 
       1.681823625428e-02       2.478609571299e+04 
       1.694873969019e-02       2.478363973936e+04 
       1.707928892212e-02       2.477965560800e+04 
       1.720988460069e-02       2.477416101312e+04 
       1.734052739834e-02       2.476719700420e+04 
       1.747121800958e-02       2.475870516971e+04 
       1.760195715121e-02       2.474882962936e+04 
       1.773274556258e-02       2.473751604455e+04 
       1.786358400586e-02       2.472477647246e+04 
       1.799447326633e-02       2.471014988915e+04 
       1.812541415265e-02       2.469435642898e+04 
       1.825640749722e-02       2.467732862818e+04 
       1.838745415650e-02       2.465931350639e+04 
       1.851855501135e-02       2.464064079271e+04 
       1.864971096740e-02       2.461984926707e+04 
       1.878092295546e-02       2.459652385181e+04 
       1.891219193190e-02       2.457438419609e+04 
       1.904351887905e-02       2.454996773256e+04 
       1.917490480570e-02       2.452344522526e+04 
       1.930635074749e-02       2.449649458824e+04 
       1.943785776743e-02       2.446913697070e+04 
       1.956942695634e-02       2.443989819803e+04 
       1.970105943343e-02       2.440843614545e+04 
       1.983275634674e-02       2.437717731939e+04 
       1.996451887378e-02       2.434464607341e+04 
       2.009634822203e-02       2.431157766972e+04 
       2.022824562953e-02       2.427623459312e+04 
       2.036021236553e-02       2.424099533304e+04 
       2.049224973107e-02       2.420427719038e+04 
       2.062435905966e-02       2.416534894679e+04 
       2.075654171793e-02       2.412745458276e+04 
       2.088879910633e-02       2.408695316967e+04 
       2.102113265983e-02       2.404691372724e+04 
       2.115354384869e-02       2.400517812534e+04 
       2.128603417919e-02       2.396170995503e+04 
       2.141860519440e-02       2.391806907998e+04 
       2.155125847506e-02       2.387455628322e+04 
       2.168399564033e-02       2.382890247462e+04 
       2.181681834870e-02       2.378232408926e+04 
       2.194972829889e-02       2.373534269419e+04 
       2.208272723072e-02       2.368748468831e+04 
       2.221581692611e-02       2.363878899378e+04 
       2.234899921000e-02       2.358923809329e+04 
       2.248227595140e-02       2.353901564074e+04 
       2.261564906442e-02       2.348807918226e+04 
       2.274912050931e-02       2.343708693684e+04 
       2.288269229360e-02       2.338394102528e+04 
       2.301636647321e-02       2.333078184903e+04 
       2.315014515364e-02       2.327681602511e+04 
       2.328403049117e-02       2.322224990007e+04 
       2.341802469413e-02       2.316698536189e+04 
       2.355213002415e-02       2.311117511771e+04 
       2.368634879751e-02       2.305440628610e+04 
       2.382068338651e-02       2.299728828050e+04 
       2.395513622089e-02       2.293955923273e+04 
       2.408970978926e-02       2.288166649364e+04 
       2.422440664065e-02       2.282220025334e+04 
       2.435922938603e-02       2.276271647470e+04 
       2.449418069990e-02       2.270289379443e+04 
       2.462926332199e-02       2.264229530343e+04 
       2.476448005894e-02       2.258034520366e+04 
       2.489983378608e-02       2.251938135915e+04 
       2.503532744923e-02       2.245690844399e+04 
       2.517096406660e-02       2.239407698153e+04 
       2.530674673073e-02       2.233103674883e+04 
       2.544267861052e-02       2.226683834580e+04 
       2.557876295326e-02       2.220243298560e+04 
       2.571500308682e-02       2.213790917770e+04 
       2.585140242186e-02       2.207291410637e+04 
       2.598796445411e-02       2.200745313893e+04 
       2.612469276676e-02       2.194144202113e+04 
       2.626159103290e-02       2.187515302398e+04 
       2.639866301807e-02       2.180859013645e+04 
       2.653591258290e-02       2.174129664855e+04 
       2.667334368580e-02       2.167383731901e+04 
       2.681096038579e-02       2.160630751497e+04 
       2.694876684544e-02       2.153784690970e+04 
       2.708676733386e-02       2.146979489585e+04 
       2.722496622983e-02       2.140058671580e+04 
       2.736336802507e-02       2.133150065661e+04 
       2.750197732758e-02       2.126213519855e+04 
       2.764079886510e-02       2.119236828247e+04 
       2.777983748879e-02       2.112258753021e+04 
       2.791909817691e-02       2.105208054809e+04 
       2.805858603874e-02       2.098194990531e+04 
       2.819830631863e-02       2.091087692829e+04 
       2.833826440012e-02       2.083990446719e+04 
       2.847846581040e-02       2.076848285677e+04 
       2.861891622470e-02       2.069695582599e+04 
       2.875962147109e-02       2.062522096801e+04 
       2.890058753530e-02       2.055330799056e+04 
       2.904182056580e-02       2.048158386921e+04 
       2.918332687906e-02       2.040919959737e+04 
       2.932511296506e-02       2.033633134230e+04 
       2.946718549298e-02       2.026369834250e+04 
       2.960955131712e-02       2.019084126260e+04 
       2.975221748312e-02       2.011785860168e+04 
       2.989519123436e-02       2.004510327872e+04 
       3.003848001869e-02       1.997139332922e+04 
       3.018209149541e-02       1.989786689660e+04 
       3.032603354257e-02       1.982439852356e+04 
       3.047031426453e-02       1.975068992050e+04 
       3.061494199996e-02       1.967688046838e+04 
       3.075992533003e-02       1.960297722801e+04 
       3.090527308711e-02       1.952937011632e+04 
       3.105099436378e-02       1.945483209664e+04 
       3.119709852223e-02       1.938063343022e+04 
       3.134359520415e-02       1.930634217464e+04 
       3.149049434099e-02       1.923236100746e+04 
       3.163780616477e-02       1.915763867053e+04 
       3.178554121936e-02       1.908315543464e+04 
       3.193371037225e-02       1.900853126274e+04 
       3.208232482694e-02       1.893402440603e+04 
       3.223139613589e-02       1.885944443357e+04 
       3.238093621413e-02       1.878464995930e+04 
       3.253095735345e-02       1.870996108370e+04 
       3.268147223737e-02       1.863520699669e+04 
       3.283249395683e-02       1.856052530711e+04 
       3.298403602667e-02       1.848549168819e+04 
       3.313611240291e-02       1.841069788378e+04 
       3.328873750098e-02       1.833594553882e+04 
       3.344192621483e-02       1.826112705016e+04 
       3.359569393705e-02       1.818625703465e+04 
       3.375005658013e-02       1.811143450311e+04 
       3.390503059874e-02       1.803628065130e+04 
       3.406063301326e-02       1.796149710558e+04 
       3.421688143462e-02       1.788666757195e+04 
       3.437379409049e-02       1.781197256980e+04 
       3.453138985291e-02       1.773699735997e+04 
       3.468968826749e-02       1.766206223091e+04 
       3.484870958426e-02       1.758754040782e+04 
       3.500847479034e-02       1.751253335932e+04 
       3.516900564449e-02       1.743773430953e+04 
       3.533032471363e-02       1.736319361688e+04 
       3.549245541165e-02       1.728846141502e+04 
       3.565542204051e-02       1.721375553155e+04 
       3.581924983380e-02       1.713911036817e+04 
       3.598396500308e-02       1.706451950552e+04 
       3.614959478704e-02       1.698992076851e+04 
       3.631616750385e-02       1.691538442100e+04 
       3.648371260674e-02       1.684095083992e+04 
       3.665226074337e-02       1.676648273257e+04 
       3.682184381889e-02       1.669199004532e+04 
       3.699249506338e-02       1.661766755543e+04 
       3.716424910372e-02       1.654336199269e+04 
       3.733714204041e-02       1.646898845096e+04 
       3.751121152974e-02       1.639491774768e+04 
       3.768649687163e-02       1.632051775067e+04 
       3.786303910385e-02       1.624620501614e+04 
       3.804088110290e-02       1.617203780017e+04 
       3.822006769237e-02       1.609790259986e+04 
       3.840064575926e-02       1.602385104638e+04 
       3.858266437911e-02       1.594994998434e+04 
       3.876617495063e-02       1.587574254767e+04 
       3.895123134079e-02       1.580167138210e+04 
       3.913789004132e-02       1.572760419374e+04 
       3.932621033765e-02       1.565360961911e+04 
       3.951625449159e-02       1.557971549383e+04 
       3.970808793906e-02       1.550576047748e+04 
       3.990177950425e-02       1.543168566135e+04 
       4.009740163212e-02       1.535801908153e+04 
       4.029503064085e-02       1.528385507795e+04 
       4.049474699650e-02       1.520988723883e+04 
       4.069663561221e-02       1.513593512331e+04 
       4.090078617448e-02       1.506200935120e+04 
       4.110729349968e-02       1.498798923166e+04 
       4.131625792395e-02       1.491369857647e+04 
       4.152778573050e-02       1.483986102183e+04 
       4.174198961848e-02       1.476573817194e+04 
       4.195898921835e-02       1.469140698727e+04 
       4.217891165936e-02       1.461716620890e+04 
       4.240189219546e-02       1.454284116850e+04 
       4.262807489696e-02       1.446849561118e+04 
       4.285761341619e-02       1.439398767270e+04 
       4.309067183688e-02       1.431939452979e+04 
       4.332742561813e-02       1.424465857001e+04 
       4.356806264584e-02       1.416992904078e+04 
       4.381278440636e-02       1.409509686298e+04 
       4.406180729936e-02       1.401970992275e+04 
       4.431536411012e-02       1.394439440046e+04 
       4.457370566440e-02       1.386891217157e+04 
       4.483710269322e-02       1.379316521698e+04 
       4.510584793986e-02       1.371713059075e+04 
       4.538025854683e-02       1.364098671849e+04 
       4.566067876774e-02       1.356455806677e+04 
       4.594748305742e-02       1.348810720892e+04 
       4.624107960375e-02       1.341052686123e+04 
       4.654191437728e-02       1.333338941050e+04 
       4.685047578997e-02       1.325553259995e+04 
       4.716730007319e-02       1.317738861117e+04 
       4.749297750832e-02       1.309834047554e+04 
       4.782815967227e-02       1.301932026984e+04 
       4.817356789570e-02       1.293935966259e+04 
       4.853000317726e-02       1.285906219909e+04 
       4.889835785264e-02       1.277771507855e+04 
       4.927962938899e-02       1.269601074914e+04 
       4.967493676439e-02       1.261326108434e+04 
       5.008554000644e-02       1.253021790830e+04 
       5.051286360864e-02       1.244524572091e+04 
       5.095852472812e-02       1.235962634275e+04 
       5.142436730352e-02       1.227277630341e+04 
       5.191250353178e-02       1.218518238071e+04 
       5.242536452152e-02       1.209578655821e+04 
       5.296576241760e-02       1.200413480323e+04 
       5.353696687803e-02       1.191102373230e+04 
       5.414279948775e-02       1.181553469395e+04 
       5.478775048844e-02       1.171743773735e+04 
       5.547712300426e-02       1.161634863713e+04 
       5.621721052958e-02       1.151166681565e+04 
       5.701551332309e-02       1.140309861403e+04 
       5.788099750104e-02       1.128967484180e+04 
       5.882439502836e-02       1.116908939365e+04 
       5.985852972459e-02       1.104188046985e+04 
       6.099862734507e-02       1.090381905926e+04 
       6.226251686421e-02       1.075438080135e+04 
       6.367054389623e-02       1.058861502700e+04 
       6.524489374528e-02       1.040173915724e+04 
       6.700789981980e-02       1.018875848568e+04 
       6.897893136960e-02       9.941956830285e+03 
       7.116988391813e-02       9.654367665545e+03 
       7.358035489858e-02       9.319942596885e+03 
       7.619484833774e-02       8.937838299319e+03 
       7.898435743984e-02       8.511584654859e+03 
       8.191234686813e-02       8.052231556332e+03 
       8.494218781077e-02       7.576167388963e+03 
       8.804259687805e-02       7.102407153179e+03 
       9.118975857553e-02       6.648938783770e+03 
       9.436693929880e-02       6.230123990237e+03 
       9.756299755777e-02       5.856700505724e+03 
       1.007707701774e-01       5.533981518886e+03 
       1.039857527647e-01       5.262688606269e+03 
       1.072051516826e-01       5.039661030718e+03 
       1.104272489277e-01       4.858707119332e+03 
       1.136509933675e-01       4.711550618845e+03 
       1.168757438088e-01       4.588741950407e+03 
       1.201011097627e-01       4.480482493846e+03 
       1.233268535906e-01       4.377309018270e+03 
       1.265528306755e-01       4.271519869321e+03 
       1.297789529555e-01       4.157239105020e+03 
       1.330051667362e-01       4.031201502103e+03 
       1.362314392068e-01       3.891779483656e+03 
       1.394577502491e-01       3.741117220612e+03 
       1.426840874645e-01       3.581742472076e+03 
       1.459104431539e-01       3.418642608489e+03 
       1.491368124839e-01       3.256661311531e+03 
       1.523631923727e-01       3.100563643903e+03 
       1.555895808132e-01       2.954618191060e+03 
       1.588159764607e-01       2.821897102805e+03 
       1.620423783825e-01       2.704409039565e+03 
       1.652687859042e-01       2.602835957761e+03 
       1.684951985167e-01       2.516488398099e+03 
       1.717216158181e-01       2.444066231621e+03 
       1.749480374782e-01       2.383226310357e+03 
       1.781744632165e-01       2.331084319617e+03 
       1.814008927884e-01       2.284815565049e+03 
       1.846273259756e-01       2.241688732254e+03 
       1.878537625809e-01       2.199031409656e+03 
       1.910802024241e-01       2.154392636142e+03 
       1.943066453391e-01       2.106200692273e+03 
       1.975330911720e-01       2.053586346918e+03 
       2.007595397798e-01       1.996552609503e+03 
       2.039859910290e-01       1.935837881362e+03 
       2.072124447947e-01       1.872656576362e+03 
       2.104389009601e-01       1.808695397130e+03 
       2.136653594155e-01       1.745561975947e+03 
       2.168918200578e-01       1.684613137633e+03 
       2.201182827900e-01       1.627084125950e+03 
       2.233447475210e-01       1.573888128872e+03 
       2.265712141647e-01       1.525464598425e+03 
       2.297976826400e-01       1.482121566278e+03 
       2.330241528701e-01       1.443789486090e+03 
       2.362506247829e-01       1.409939995734e+03 
       2.394770983097e-01       1.379982620572e+03 
       2.427035733859e-01       1.353107754838e+03 
       2.459300499499e-01       1.328305517532e+03 
       2.491565279437e-01       1.304571160648e+03 
       2.523830073121e-01       1.281226015296e+03 
       2.556094880026e-01       1.257354356766e+03 
       2.588359699656e-01       1.232675451748e+03 
       2.620624531537e-01       1.206936577866e+03 
       2.652889375220e-01       1.180045588773e+03 
       2.685154230276e-01       1.152144572524e+03 
       2.717419096299e-01       1.123566074929e+03 
       2.749683972900e-01       1.094682747380e+03 
       2.781948859709e-01       1.065973209185e+03 
       2.814213756372e-01       1.037979690831e+03 
       2.846478662553e-01       1.011051639631e+03 
       2.878743577930e-01       9.856405469060e+02 
       2.911008502196e-01       9.619435894583e+02 
       2.943273435056e-01       9.400360975965e+02 
       2.975538376230e-01       9.198895546738e+02 
       3.007803325448e-01       9.013744485772e+02 
       3.040068282453e-01       8.842825759469e+02 
       3.072333246998e-01       8.682830281746e+02 
       3.104598218848e-01       8.531846175913e+02 
       3.136863197775e-01       8.386728888826e+02 
       3.169128183562e-01       8.244755713578e+02 
       3.201393176001e-01       8.103379158982e+02 
       3.233658174892e-01       7.961704588688e+02 
       3.265923180043e-01       7.817323063844e+02 
       3.298188191268e-01       7.671129318182e+02 
       3.330453208391e-01       7.522251184196e+02 
       3.362718231241e-01       7.372506786106e+02 
       3.394983259654e-01       7.223153222675e+02 
       3.427248293472e-01       7.074692095649e+02 
       3.459513332544e-01       6.929487985920e+02 
       3.491778376722e-01       6.788257698847e+02 
       3.524043425866e-01       6.652287795688e+02 
       3.556308479840e-01       6.521971251992e+02 
       3.588573538514e-01       6.398246904132e+02 
       3.620838601761e-01       6.280805704900e+02 
       3.653103669459e-01       6.169688953464e+02 
       3.685368741491e-01       6.064508282361e+02 
       3.717633817744e-01       5.964467933540e+02 
       3.749898898108e-01       5.868241395625e+02 
       3.782163982478e-01       5.775071102155e+02 
       3.814429070751e-01       5.683908924010e+02 
       3.846694162829e-01       5.594156942904e+02 
       3.878959258617e-01       5.505324069542e+02 
       3.911224358022e-01       5.416799784988e+02 
       3.943489460955e-01       5.329077660314e+02 
       3.975754567331e-01       5.241366866609e+02 
       4.008019677064e-01       5.154042781177e+02 
       4.040284790076e-01       5.067553097089e+02 
       4.072549906287e-01       4.981878914596e+02 
       4.104815025622e-01       4.897576566473e+02 
       4.137080148007e-01       4.815120193202e+02 
       4.169345273371e-01       4.734997805101e+02 
       4.201610401646e-01       4.657104314674e+02 
       4.233875532765e-01       4.581684473196e+02 
       4.266140666662e-01       4.508793637715e+02 
       4.298405803276e-01       4.438338975206e+02 
       4.330670942545e-01       4.370216980907e+02 
       4.362936084409e-01       4.304296703031e+02 
       4.395201228812e-01       4.240486449929e+02 
       4.427466375699e-01       4.178432928126e+02 
       4.459731525014e-01       4.118003724662e+02 
       4.491996676705e-01       4.058846444354e+02 
       4.524261830721e-01       4.000798157455e+02 
       4.556526987014e-01       3.943382717866e+02 
       4.588792145534e-01       3.886724438528e+02 
       4.621057306234e-01       3.830730383871e+02 
       4.653322469070e-01       3.775373221719e+02 
       4.685587633997e-01       3.720679384692e+02 
       4.717852800971e-01       3.666722763574e+02 
       4.750117969952e-01       3.613543601932e+02 
       4.782383140898e-01       3.561345282367e+02 
       4.814648313769e-01       3.509930448774e+02 
       4.846913488528e-01       3.459569365948e+02 
       4.879178665136e-01       3.410315067264e+02 
       4.911443843557e-01       3.362307055048e+02 
       4.943709023756e-01       3.315598123105e+02 
       4.975974205697e-01       3.270142687775e+02 
       5.008239389346e-01       3.225880152378e+02 
       5.040504574672e-01       3.182670129439e+02 
       5.072769761642e-01       3.140482747177e+02 
       5.105034950224e-01       3.099141653738e+02 
       5.137300140388e-01       3.058575334622e+02 
       5.169565332105e-01       3.018796543227e+02 
       5.201830525345e-01       2.979655222435e+02 
       5.234095720080e-01       2.941143261288e+02 
       5.266360916283e-01       2.903150531810e+02 
       5.298626113927e-01       2.865672778583e+02 
       5.330891312985e-01       2.828672177837e+02 
       5.363156513432e-01       2.792166836706e+02 
       5.395421715242e-01       2.756205809104e+02 
       5.427686918392e-01       2.720840673553e+02 
       5.459952122858e-01       2.686118978778e+02 
       5.492217328616e-01       2.652041161060e+02 
       5.524482535644e-01       2.618606229260e+02 
       5.556747743920e-01       2.585812800677e+02 
       5.589012953421e-01       2.553619404509e+02 
       5.621278164127e-01       2.522037082276e+02 
       5.653543376017e-01       2.491081510927e+02 
       5.685808589070e-01       2.460739888111e+02 
       5.959181382813e-01       2.224157016895e+02 
       6.268197241289e-01       1.991736697770e+02 
       6.625573799673e-01       1.764137355472e+02 
       7.052019946600e-01       1.537064791893e+02 
       7.583813435718e-01       1.307627748747e+02 
       8.290201747398e-01       1.070720009346e+02 
       9.314377800235e-01       8.220563756325e+01 
       1.094468628753e+00       5.673180765941e+01 
       1.351689116448e+00       3.463238441357e+01 
       1.699609418472e+00       2.007973069632e+01 
       2.139647299925e+00       1.150552066917e+01 
       2.693656249826e+00       6.538597089162e+00 
       3.391112303497e+00       3.688545229554e+00 
       4.269157453121e+00       2.066839863039e+00 
       5.374550804684e+00       1.151111354111e+00 
