# Matter power spectrum P(k) at redshift z=0
# for k=1.04734e-05 to 5.25455 h/Mpc,
# number of wavenumbers equal to 119
#    1:k (h/Mpc)              2:P (Mpc/h)^3        
       1.047341826243e-05       4.746982893510e+01 
       1.318525239892e-05       5.930165106602e+01 
       1.659924930592e-05       7.408251746206e+01 
       2.089721676792e-05       9.254735001124e+01 
       2.630803722491e-05       1.156142061092e+02 
       3.311985659687e-05       1.444297900219e+02 
       4.169542910477e-05       1.804262724101e+02 
       5.249143525566e-05       2.253921031900e+02 
       6.608280174490e-05       2.815601176844e+02 
       8.319331839921e-05       3.517169929253e+02 
       1.047341826243e-04       4.393386412724e+02 
       1.318525239892e-04       5.487568523574e+02 
       1.659924930592e-04       6.853626144896e+02 
       2.089721676792e-04       8.558508325640e+02 
       2.630803722491e-04       1.068508780551e+03 
       3.311985659687e-04       1.333545394606e+03 
       4.169542910477e-04       1.663449523318e+03 
       5.249143525566e-04       2.073353001485e+03 
       6.608280174490e-04       2.581360225475e+03 
       8.319331839921e-04       3.208782298667e+03 
       1.047341826243e-03       3.980138721674e+03 
       1.318525239892e-03       4.922623553522e+03 
       1.659924930592e-03       6.064483607191e+03 
       2.089721676792e-03       7.432659020431e+03 
       2.630803722491e-03       9.047861764649e+03 
       3.311985659687e-03       1.091767091377e+04 
       4.169542910477e-03       1.302652202945e+04 
       5.249143525566e-03       1.532231344014e+04 
       6.608280174490e-03       1.770106068279e+04 
       8.319331839921e-03       1.999021154207e+04 
       1.047341826243e-02       2.193444720691e+04 
       1.318525239892e-02       2.320090441255e+04 
       1.659924930589e-02       2.341570801074e+04 
       2.089721660966e-02       2.227211323870e+04 
       2.630791517064e-02       1.972341919294e+04 
       3.310278266545e-02       1.622235536881e+04 
       4.112178767552e-02       1.290478000593e+04 
       4.790628827007e-02       1.104714948852e+04 
       5.282242665187e-02       1.014253019959e+04 
       5.687266276680e-02       9.580974938510e+03 
       6.048713924368e-02       9.161022214514e+03 
       6.385726918410e-02       8.798457108215e+03 
       6.708422356736e-02       8.452545955853e+03 
       7.022860457005e-02       8.101076043444e+03 
       7.333018959056e-02       7.733267163370e+03 
       7.641699559410e-02       7.345768739334e+03 
       7.950991500338e-02       6.941737847972e+03 
       8.262529000559e-02       6.527910356808e+03 
       8.577643711185e-02       6.113614344980e+03 
       8.897459779263e-02       5.710409903215e+03 
       9.222955666815e-02       5.328010306721e+03 
       9.555005766204e-02       4.977551997694e+03 
       9.894409227589e-02       4.665983773422e+03 
       1.024191040344e-01       4.397880342910e+03 
       1.059821362664e-01       4.173971090870e+03 
       1.096399405347e-01       3.991549854238e+03 
       1.133990570783e-01       3.843964065565e+03 
       1.172658749375e-01       3.721447890610e+03 
       1.212466770795e-01       3.612101979077e+03 
       1.253476743179e-01       3.502526811533e+03 
       1.295750308144e-01       3.381154976317e+03 
       1.339348832875e-01       3.239055903137e+03 
       1.384333556058e-01       3.073210900022e+03 
       1.430765701509e-01       2.886792122147e+03 
       1.478706571398e-01       2.689088589952e+03 
       1.528217629711e-01       2.492974398398e+03 
       1.579360585777e-01       2.311796297104e+03 
       1.632197487220e-01       2.156189703406e+03 
       1.686790831324e-01       2.031256312336e+03 
       1.743203703668e-01       1.935363546522e+03 
       1.801499952696e-01       1.860364292155e+03 
       1.861744408844e-01       1.794499946188e+03 
       1.924003156767e-01       1.724442293815e+03 
       1.988343869261e-01       1.639809816826e+03 
       2.054836211606e-01       1.538995856749e+03 
       2.123552325365e-01       1.429084609664e+03 
       2.194567401281e-01       1.321906829652e+03 
       2.267960351861e-01       1.227827889537e+03 
       2.343814595738e-01       1.152323223717e+03 
       2.422218968055e-01       1.094053741034e+03 
       2.503268774194e-01       1.044806654834e+03 
       2.587067008331e-01       9.943363454887e+02 
       2.673725763982e-01       9.365182797081e+02 
       2.763367871231e-01       8.721584465083e+02 
       2.856128805309e-01       8.082424382790e+02 
       2.952158924385e-01       7.525800829069e+02 
       3.051626111909e-01       7.074721523065e+02 
       3.154718922124e-01       6.690344709331e+02 
       3.261650358600e-01       6.310594808663e+02 
       3.372662458022e-01       5.898771908438e+02 
       3.488031909594e-01       5.478100422792e+02 
       3.608077021238e-01       5.092679046519e+02 
       3.733166457798e-01       4.763378175662e+02 
       3.863730339830e-01       4.464648906149e+02 
       4.000274529746e-01       4.164865298210e+02 
       4.143399285751e-01       3.862181989308e+02 
       4.293823999897e-01       3.579372651745e+02 
       4.452420566722e-01       3.324321466469e+02 
       4.620259246691e-01       3.083319400109e+02 
       4.798673037780e-01       2.844307172275e+02 
       4.989350181030e-01       2.615822149038e+02 
       5.194470707474e-01       2.404152367078e+02 
       5.416914282045e-01       2.198155475551e+02 
       5.660588009166e-01       1.998299832332e+02 
       5.930965292408e-01       1.807463091694e+02 
       6.236015761018e-01       1.620012237393e+02 
       6.587904759211e-01       1.436663354897e+02 
       7.006315492442e-01       1.254003246522e+02 
       7.525461085357e-01       1.069819767009e+02 
       8.210079804976e-01       8.800474430267e+01 
       9.193237378170e-01       6.810363166096e+01 
       1.074684017740e+00       4.758173718346e+01 
       1.322179872172e+00       2.933121774952e+01 
       1.661679345453e+00       1.704233475194e+01 
       2.091875609933e+00       9.773214482181e+00 
       2.633515156926e+00       5.558600412729e+00 
       3.315399153289e+00       3.137703689705e+00 
       4.173840244316e+00       1.759307659439e+00 
       5.254553548339e+00       9.803428278148e-01 
