# Matter power spectrum P(k) at redshift z=0
# for k=1.04734e-05 to 5.25455 h/Mpc,
# number of wavenumbers equal to 119
#    1:k (h/Mpc)              2:P (Mpc/h)^3        
       1.047341826243e-05       4.746982958404e+01 
       1.318525239892e-05       5.930165234846e+01 
       1.659924930592e-05       7.408252000183e+01 
       2.089721676792e-05       9.254735504455e+01 
       2.630803722491e-05       1.156142160661e+02 
       3.311985659687e-05       1.444298097375e+02 
       4.169542910477e-05       1.804263114524e+02 
       5.249143525566e-05       2.253921805074e+02 
       6.608280174490e-05       2.815602707288e+02 
       8.319331839921e-05       3.517172959295e+02 
       1.047341826243e-04       4.393392411550e+02 
       1.318525239892e-04       5.487580399049e+02 
       1.659924930592e-04       6.853649650236e+02 
       2.089721676792e-04       8.558554845014e+02 
       2.630803722491e-04       1.068517984907e+03 
       3.311985659687e-04       1.333563599162e+03 
       4.169542910477e-04       1.663485508215e+03 
       5.249143525566e-04       2.073424072083e+03 
       6.608280174490e-04       2.581500413352e+03 
       8.319331839921e-04       3.209058333313e+03 
       1.047341826243e-03       3.980680905474e+03 
       1.318525239892e-03       4.923684856494e+03 
       1.659924930592e-03       6.066551293324e+03 
       2.089721676792e-03       7.436661526876e+03 
       2.630803722491e-03       9.055541703314e+03 
       3.311985659687e-03       1.093223167319e+04 
       4.169542910477e-03       1.305368312070e+04 
       5.249143525566e-03       1.537187215089e+04 
       6.608280174490e-03       1.778874810591e+04 
       8.319331839921e-03       2.013901985712e+04 
       1.047341826243e-02       2.217292067031e+04 
       1.318525239892e-02       2.355329143950e+04 
       1.659924930589e-02       2.388064450266e+04 
       2.089721660966e-02       2.279778207102e+04 
       2.630791517064e-02       2.020484637458e+04 
       3.310278266545e-02       1.655150283661e+04 
       4.112178767552e-02       1.305034638332e+04 
       4.790628827007e-02       1.107498245892e+04 
       5.282242665187e-02       1.010458239164e+04 
       5.687266276680e-02       9.498139415222e+03 
       6.048713924368e-02       9.043840978808e+03 
       6.385726918410e-02       8.654159137526e+03 
       6.708422356736e-02       8.286618104263e+03 
       7.022860457005e-02       7.917888204707e+03 
       7.333018959056e-02       7.536977626786e+03 
       7.641699559410e-02       7.141251522415e+03 
       7.950991500338e-02       6.732051015839e+03 
       8.262529000559e-02       6.316145643444e+03 
       8.577643711185e-02       5.902409984109e+03 
       8.897459779263e-02       5.501469520993e+03 
       9.222955666815e-02       5.123520392258e+03 
       9.555005766204e-02       4.777483757484e+03 
       9.894409227589e-02       4.470668204270e+03 
       1.024191040344e-01       4.206766630509e+03 
       1.059821362664e-01       3.986227463905e+03 
       1.096399405347e-01       3.806258826989e+03 
       1.133990570783e-01       3.660352201307e+03 
       1.172658749375e-01       3.538864051541e+03 
       1.212466770795e-01       3.430397915592e+03 
       1.253476743179e-01       3.322305398359e+03 
       1.295750308144e-01       3.203464814066e+03 
       1.339348832875e-01       3.065368315962e+03 
       1.384333556058e-01       2.905343347899e+03 
       1.430765701509e-01       2.726403625659e+03 
       1.478706571398e-01       2.537258741811e+03 
       1.528217629711e-01       2.350040136676e+03 
       1.579360585777e-01       2.177314246557e+03 
       1.632197487220e-01       2.029142960371e+03 
       1.686790831324e-01       1.910128562979e+03 
       1.743203703668e-01       1.818621625885e+03 
       1.801499952696e-01       1.746939637551e+03 
       1.861744408844e-01       1.684046451632e+03 
       1.924003156767e-01       1.617220841143e+03 
       1.988343869261e-01       1.537045967564e+03 
       2.054836211606e-01       1.441747661463e+03 
       2.123552325365e-01       1.338114164029e+03 
       2.194567401281e-01       1.237109323813e+03 
       2.267960351861e-01       1.148562153671e+03 
       2.343814595738e-01       1.077446359810e+03 
       2.422218968055e-01       1.022541777796e+03 
       2.503268774194e-01       9.762135295523e+02 
       2.587067008331e-01       9.286747495390e+02 
       2.673725763982e-01       8.743817933750e+02 
       2.763367871231e-01       8.140430318289e+02 
       2.856128805309e-01       7.541290174996e+02 
       2.952158924385e-01       7.019880311495e+02 
       3.051626111909e-01       6.597434370361e+02 
       3.154718922124e-01       6.237432699200e+02 
       3.261650358600e-01       5.882168308958e+02 
       3.372662458022e-01       5.497077033558e+02 
       3.488031909594e-01       5.103972786005e+02 
       3.608077021238e-01       4.743837495905e+02 
       3.733166457798e-01       4.436266785052e+02 
       3.863730339830e-01       4.157313345402e+02 
       4.000274529746e-01       3.877623145371e+02 
       4.143399285751e-01       3.595242826526e+02 
       4.293823999897e-01       3.331432738457e+02 
       4.452420566722e-01       3.093607392877e+02 
       4.620259246691e-01       2.868999885610e+02 
       4.798673037780e-01       2.646075447437e+02 
       4.989350181030e-01       2.433335274607e+02 
       5.194470707474e-01       2.236055569664e+02 
       5.416914282045e-01       2.044243617855e+02 
       5.660588009166e-01       1.858267363205e+02 
       5.930965292408e-01       1.680540707126e+02 
       6.236015761018e-01       1.506177023272e+02 
       6.587904759211e-01       1.335577404490e+02 
       7.006315492442e-01       1.165652879656e+02 
       7.525461085357e-01       9.943441970835e+01 
       8.210079804976e-01       8.178732157340e+01 
       9.193237378170e-01       6.328501721064e+01 
       1.074684017740e+00       4.420982583306e+01 
       1.322179872172e+00       2.724961685800e+01 
       1.661679345453e+00       1.583173230367e+01 
       2.091875609933e+00       9.078644207685e+00 
       2.633515156926e+00       5.163168716861e+00 
       3.315399153289e+00       2.914550332000e+00 
       4.173840244316e+00       1.634140830528e+00 
       5.254553548339e+00       9.106055705720e-01 
