# Matter power spectrum P(k) at redshift z=0
# for k=1.04734e-05 to 5.25455 h/Mpc,
# number of wavenumbers equal to 119
#    1:k (h/Mpc)              2:P (Mpc/h)^3        
       1.047341826243e-05       4.746983005667e+01 
       1.318525239892e-05       5.930165328249e+01 
       1.659924930592e-05       7.408252185161e+01 
       2.089721676792e-05       9.254735871045e+01 
       2.630803722491e-05       1.156142233179e+02 
       3.311985659687e-05       1.444298240969e+02 
       4.169542910477e-05       1.804263398881e+02 
       5.249143525566e-05       2.253922368200e+02 
       6.608280174490e-05       2.815603821959e+02 
       8.319331839921e-05       3.517175166179e+02 
       1.047341826243e-04       4.393396780731e+02 
       1.318525239892e-04       5.487589048510e+02 
       1.659924930592e-04       6.853666770542e+02 
       2.089721676792e-04       8.558588728638e+02 
       2.630803722491e-04       1.068524689413e+03 
       3.311985659687e-04       1.333576860309e+03 
       4.169542910477e-04       1.663511724125e+03 
       5.249143525566e-04       2.073475857078e+03 
       6.608280174490e-04       2.581602585899e+03 
       8.319331839921e-04       3.209259595097e+03 
       1.047341826243e-03       3.981076472303e+03 
       1.318525239892e-03       4.924459932476e+03 
       1.659924930592e-03       6.068063759634e+03 
       2.089721676792e-03       7.439596654831e+03 
       2.630803722491e-03       9.061196050250e+03 
       3.311985659687e-03       1.094301964634e+04 
       4.169542910477e-03       1.307400702230e+04 
       5.249143525566e-03       1.540953731505e+04 
       6.608280174490e-03       1.785703332904e+04 
       8.319331839921e-03       2.025935978421e+04 
       1.047341826243e-02       2.237717859265e+04 
       1.318525239892e-02       2.388274915189e+04 
       1.659924930589e-02       2.437615437115e+04 
       2.089721660966e-02       2.347589039543e+04 
       2.630791517064e-02       2.102479585478e+04 
       3.310278266545e-02       1.740981643031e+04 
       4.112178767552e-02       1.383973202207e+04 
       4.790628827007e-02       1.178401062827e+04 
       5.282242665187e-02       1.075931180441e+04 
       5.687266276680e-02       1.011163003429e+04 
       6.048713924368e-02       9.621685347261e+03 
       6.385726918410e-02       9.198019018501e+03 
       6.708422356736e-02       8.797438552284e+03 
       7.022860457005e-02       8.395145348968e+03 
       7.333018959056e-02       7.980238081893e+03 
       7.641699559410e-02       7.549593943774e+03 
       7.950991500338e-02       7.105822078943e+03 
       8.262529000559e-02       6.656212680876e+03 
       8.577643711185e-02       6.210124349659e+03 
       8.897459779263e-02       5.778525488970e+03 
       9.222955666815e-02       5.372400342722e+03 
       9.555005766204e-02       5.001244115140e+03 
       9.894409227589e-02       4.671989848521e+03 
       1.024191040344e-01       4.388715556606e+03 
       1.059821362664e-01       4.151607108320e+03 
       1.096399405347e-01       3.957488997546e+03 
       1.133990570783e-01       3.799317721190e+03 
       1.172658749375e-01       3.667209291086e+03 
       1.212466770795e-01       3.548981312967e+03 
       1.253476743179e-01       3.431704197474e+03 
       1.295750308144e-01       3.303733388479e+03 
       1.339348832875e-01       3.156531965452e+03 
       1.384333556058e-01       2.987294126816e+03 
       1.430765701509e-01       2.799237684550e+03 
       1.478706571398e-01       2.601400024856e+03 
       1.528217629711e-01       2.406158771550e+03 
       1.579360585777e-01       2.226433115817e+03 
       1.632197487220e-01       2.072249762393e+03 
       1.686790831324e-01       1.948269171836e+03 
       1.743203703668e-01       1.852731382856e+03 
       1.801499952696e-01       1.777699273849e+03 
       1.861744408844e-01       1.711801978025e+03 
       1.924003156767e-01       1.642182730404e+03 
       1.988343869261e-01       1.559183385713e+03 
       2.054836211606e-01       1.461130066509e+03 
       2.123552325365e-01       1.354867634178e+03 
       2.194567401281e-01       1.251511030722e+03 
       2.267960351861e-01       1.160942695316e+03 
       2.343814595738e-01       1.088228604152e+03 
       2.422218968055e-01       1.032001015922e+03 
       2.503268774194e-01       9.845028288277e+02 
       2.587067008331e-01       9.359787199959e+02 
       2.673725763982e-01       8.806810999107e+02 
       2.763367871231e-01       8.194105613928e+02 
       2.856128805309e-01       7.586661450082e+02 
       2.952158924385e-01       7.058285211984e+02 
       3.051626111909e-01       6.630089099531e+02 
       3.154718922124e-01       6.265244096142e+02 
       3.261650358600e-01       5.905597440211e+02 
       3.372662458022e-01       5.516612345642e+02 
       3.488031909594e-01       5.119989951763e+02 
       3.608077021238e-01       4.756858956653e+02 
       3.733166457798e-01       4.446548603819e+02 
       3.863730339830e-01       4.165708135672e+02 
       4.000274529746e-01       3.884152549676e+02 
       4.143399285751e-01       3.600158737365e+02 
       4.293823999897e-01       3.334979454183e+02 
       4.452420566722e-01       3.096014219001e+02 
       4.620259246691e-01       2.870447210353e+02 
       4.798673037780e-01       2.646720682752e+02 
       4.989350181030e-01       2.433321965870e+02 
       5.194470707474e-01       2.235508754922e+02 
       5.416914282045e-01       2.043273560045e+02 
       5.660588009166e-01       1.856972431483e+02 
       5.930965292408e-01       1.679006538794e+02 
       6.236015761018e-01       1.504483520405e+02 
       6.587904759211e-01       1.333796458089e+02 
       7.006315492442e-01       1.163854358620e+02 
       7.525461085357e-01       9.925976040971e+01 
       8.210079804976e-01       8.162543266206e+01 
       9.193237378170e-01       6.314468825966e+01 
       1.074684017740e+00       4.410063344772e+01 
       1.322179872172e+00       2.717592193290e+01 
       1.661679345453e+00       1.578626813034e+01 
       2.091875609933e+00       9.051581580697e+00 
       2.633515156926e+00       5.147433085260e+00 
       3.315399153289e+00       2.905544631266e+00 
       4.173840244316e+00       1.629046848314e+00 
       5.254553548339e+00       9.077522157123e-01 
