# Matter power spectrum P(k) at redshift z=0
# for k=1.04734e-05 to 5.25455 h/Mpc,
# number of wavenumbers equal to 119
#    1:k (h/Mpc)              2:P (Mpc/h)^3        
       1.047341826243e-05       4.746983000749e+01 
       1.318525239892e-05       5.930165318529e+01 
       1.659924930592e-05       7.408252165912e+01 
       2.089721676792e-05       9.254735832897e+01 
       2.630803722491e-05       1.156142225633e+02 
       3.311985659687e-05       1.444298226026e+02 
       4.169542910477e-05       1.804263369290e+02 
       5.249143525566e-05       2.253922309600e+02 
       6.608280174490e-05       2.815603705964e+02 
       8.319331839921e-05       3.517174936526e+02 
       1.047341826243e-04       4.393396326065e+02 
       1.318525239892e-04       5.487588148428e+02 
       1.659924930592e-04       6.853664988959e+02 
       2.089721676792e-04       8.558585202600e+02 
       2.630803722491e-04       1.068523991715e+03 
       3.311985659687e-04       1.333575480280e+03 
       4.169542910477e-04       1.663508995891e+03 
       5.249143525566e-04       2.073470467733e+03 
       6.608280174490e-04       2.581591952049e+03 
       8.319331839921e-04       3.209238646446e+03 
       1.047341826243e-03       3.981035293329e+03 
       1.318525239892e-03       4.924379228463e+03 
       1.659924930592e-03       6.067906219691e+03 
       2.089721676792e-03       7.439290758704e+03 
       2.630803722491e-03       9.060606240147e+03 
       3.311985659687e-03       1.094189277403e+04 
       4.169542910477e-03       1.307187938849e+04 
       5.249143525566e-03       1.540558061742e+04 
       6.608280174490e-03       1.784982094617e+04 
       8.319331839921e-03       2.024654031038e+04 
       1.047341826243e-02       2.235513148576e+04 
       1.318525239892e-02       2.384646456532e+04 
       1.659924930589e-02       2.431997080644e+04 
       2.089721660966e-02       2.339592334167e+04 
       2.630791517064e-02       2.092182402777e+04 
       3.310278266545e-02       1.729344241115e+04 
       4.112178767552e-02       1.372252253364e+04 
       4.790628827007e-02       1.167133117180e+04 
       5.282242665187e-02       1.065017706494e+04 
       5.687266276680e-02       1.000548667370e+04 
       6.048713924368e-02       9.518610203829e+03 
       6.385726918410e-02       9.098154892451e+03 
       6.708422356736e-02       8.701087908982e+03 
       7.022860457005e-02       8.303005111202e+03 
       7.333018959056e-02       7.892683694246e+03 
       7.641699559410e-02       7.466964942458e+03 
       7.950991500338e-02       7.028518698865e+03 
       8.262529000559e-02       6.584348418164e+03 
       8.577643711185e-02       6.143673330844e+03 
       8.897459779263e-02       5.717531778606e+03 
       9.222955666815e-02       5.316309580699e+03 
       9.555005766204e-02       4.949735688972e+03 
       9.894409227589e-02       4.624609637405e+03 
       1.024191040344e-01       4.344925731715e+03 
       1.059821362664e-01       4.110856517686e+03 
       1.096399405347e-01       3.919493911917e+03 
       1.133990570783e-01       3.763522980043e+03 
       1.172658749375e-01       3.633391404589e+03 
       1.212466770795e-01       3.516981281207e+03 
       1.253476743179e-01       3.401464470143e+03 
       1.295750308144e-01       3.275284265015e+03 
       1.339348832875e-01       3.129984606173e+03 
       1.384333556058e-01       2.962774199703e+03 
       1.430765701509e-01       2.776825829311e+03 
       1.478706571398e-01       2.581067689768e+03 
       1.528217629711e-01       2.387837194020e+03 
       1.579360585777e-01       2.209906084153e+03 
       1.632197487220e-01       2.057262415620e+03 
       1.686790831324e-01       1.934536184567e+03 
       1.743203703668e-01       1.840043253137e+03 
       1.801499952696e-01       1.765799193829e+03 
       1.861744408844e-01       1.700658057399e+03 
       1.924003156767e-01       1.631738620780e+03 
       1.988343869261e-01       1.549519484213e+03 
       2.054836211606e-01       1.452297849417e+03 
       2.123552325365e-01       1.346877073522e+03 
       2.194567401281e-01       1.244306331752e+03 
       2.267960351861e-01       1.154415603860e+03 
       2.343814595738e-01       1.082253796060e+03 
       2.422218968055e-01       1.026463518968e+03 
       2.503268774194e-01       9.793379101054e+02 
       2.587067008331e-01       9.311619342026e+02 
       2.673725763982e-01       8.762575729964e+02 
       2.763367871231e-01       8.153790718114e+02 
       2.856128805309e-01       7.550071939132e+02 
       2.952158924385e-01       7.024889102159e+02 
       3.051626111909e-01       6.599323336044e+02 
       3.154718922124e-01       6.236701173015e+02 
       3.261650358600e-01       5.879237049009e+02 
       3.372662458022e-01       5.492352217830e+02 
       3.488031909594e-01       5.097843947485e+02 
       3.608077021238e-01       4.736608673175e+02 
       3.733166457798e-01       4.428059391745e+02 
       3.863730339830e-01       4.148503497366e+02 
       4.000274529746e-01       3.868345332667e+02 
       4.143399285751e-01       3.585705192372e+02 
       4.293823999897e-01       3.321772289946e+02 
       4.452420566722e-01       3.083906750323e+02 
       4.620259246691e-01       2.859366133419e+02 
       4.798673037780e-01       2.636624281676e+02 
       4.989350181030e-01       2.424147713144e+02 
       5.194470707474e-01       2.227175858465e+02 
       5.416914282045e-01       2.035742344966e+02 
       5.660588009166e-01       1.850201768680e+02 
       5.930965292408e-01       1.672949979583e+02 
       6.236015761018e-01       1.499114123577e+02 
       6.587904759211e-01       1.329086677570e+02 
       7.006315492442e-01       1.159790761258e+02 
       7.525461085357e-01       9.891704348296e+01 
       8.210079804976e-01       8.134677524085e+01 
       9.193237378170e-01       6.293185982206e+01 
       1.074684017740e+00       4.395402503263e+01 
       1.322179872172e+00       2.708674415132e+01 
       1.661679345453e+00       1.573451059409e+01 
       2.091875609933e+00       9.022328126928e+00 
       2.633515156926e+00       5.130864956073e+00 
       3.315399153289e+00       2.896215670177e+00 
       4.173840244316e+00       1.623836506240e+00 
       5.254553548339e+00       9.048458543353e-01 
