# Matter power spectrum P(k) at redshift z=0
# for k=1.04734e-05 to 5.25455 h/Mpc,
# number of wavenumbers equal to 119
#    1:k (h/Mpc)              2:P (Mpc/h)^3        
       1.047341826243e-05       4.746982806148e+01 
       1.318525239892e-05       5.930164933954e+01 
       1.659924930592e-05       7.408251404291e+01 
       2.089721676792e-05       9.254734323517e+01 
       2.630803722491e-05       1.156141927049e+02 
       3.311985659687e-05       1.444297634799e+02 
       4.169542910477e-05       1.804262198497e+02 
       5.249143525566e-05       2.253919991020e+02 
       6.608280174490e-05       2.815599116499e+02 
       8.319331839921e-05       3.517165850095e+02 
       1.047341826243e-04       4.393378336897e+02 
       1.318525239892e-04       5.487552536468e+02 
       1.659924930592e-04       6.853594501545e+02 
       2.089721676792e-04       8.558445701012e+02 
       2.630803722491e-04       1.068496389808e+03 
       3.311985659687e-04       1.333520888613e+03 
       4.169542910477e-04       1.663401084452e+03 
       5.249143525566e-04       2.073257340613e+03 
       6.608280174490e-04       2.581171553079e+03 
       8.319331839921e-04       3.208410859280e+03 
       1.047341826243e-03       3.979409340506e+03 
       1.318525239892e-03       4.921196435830e+03 
       1.659924930592e-03       6.061705053320e+03 
       2.089721676792e-03       7.427286110136e+03 
       2.630803722491e-03       9.037569246577e+03 
       3.311985659687e-03       1.089820669185e+04 
       4.169542910477e-03       1.299035664188e+04 
       5.249143525566e-03       1.525671567836e+04 
       6.608280174490e-03       1.758599996471e+04 
       8.319331839921e-03       1.979726462680e+04 
       1.047341826243e-02       2.163003631953e+04 
       1.318525239892e-02       2.275831244307e+04 
       1.659924930589e-02       2.283637113230e+04 
       2.089721660966e-02       2.160574625397e+04 
       2.630791517064e-02       1.906009964555e+04 
       3.310278266545e-02       1.564980197188e+04 
       4.112178767552e-02       1.245089055564e+04 
       4.790628827007e-02       1.066737538326e+04 
       5.282242665187e-02       9.800540201139e+03 
       5.687266276680e-02       9.263126251724e+03 
       6.048713924368e-02       8.861545673738e+03 
       6.385726918410e-02       8.514019616669e+03 
       6.708422356736e-02       8.182268873690e+03 
       7.022860457005e-02       7.844714128649e+03 
       7.333018959056e-02       7.490555089057e+03 
       7.641699559410e-02       7.117808856877e+03 
       7.950991500338e-02       6.728220580719e+03 
       8.262529000559e-02       6.328670928277e+03 
       8.577643711185e-02       5.928471830521e+03 
       8.897459779263e-02       5.538246640116e+03 
       9.222955666815e-02       5.168982120265e+03 
       9.555005766204e-02       4.829759668581e+03 
       9.894409227589e-02       4.528286069423e+03 
       1.024191040344e-01       4.268835454125e+03 
       1.059821362664e-01       4.052152137091e+03 
       1.096399405347e-01       3.875736866444e+03 
       1.133990570783e-01       3.732911988993e+03 
       1.172658749375e-01       3.614529401384e+03 
       1.212466770795e-01       3.508727120204e+03 
       1.253476743179e-01       3.402833680604e+03 
       1.295750308144e-01       3.285298066282e+03 
       1.339348832875e-01       3.147572954050e+03 
       1.384333556058e-01       2.986733947611e+03 
       1.430765701509e-01       2.805872807834e+03 
       1.478706571398e-01       2.613975718278e+03 
       1.528217629711e-01       2.423510395911e+03 
       1.579360585777e-01       2.247573026788e+03 
       1.632197487220e-01       2.096462483559e+03 
       1.686790831324e-01       1.975141981084e+03 
       1.743203703668e-01       1.881999368475e+03 
       1.801499952696e-01       1.809212419365e+03 
       1.861744408844e-01       1.745286458688e+03 
       1.924003156767e-01       1.677200509086e+03 
       1.988343869261e-01       1.595023493954e+03 
       2.054836211606e-01       1.497047826564e+03 
       2.123552325365e-01       1.390230097553e+03 
       2.194567401281e-01       1.285987040240e+03 
       2.267960351861e-01       1.194519581021e+03 
       2.343814595738e-01       1.121108276201e+03 
       2.422218968055e-01       1.064458257779e+03 
       2.503268774194e-01       1.016612083724e+03 
       2.587067008331e-01       9.675325762617e+02 
       2.673725763982e-01       9.112924850534e+02 
       2.763367871231e-01       8.486951352860e+02 
       2.856128805309e-01       7.865139584329e+02 
       2.952158924385e-01       7.323664404011e+02 
       3.051626111909e-01       6.884890126743e+02 
       3.154718922124e-01       6.510944580427e+02 
       3.261650358600e-01       6.141383812412e+02 
       3.372662458022e-01       5.740931156097e+02 
       3.488031909594e-01       5.331605843017e+02 
       3.608077021238e-01       4.956537592745e+02 
       3.733166457798e-01       4.636147217997e+02 
       3.863730339830e-01       4.345442449013e+02 
       4.000274529746e-01       4.053767682365e+02 
       4.143399285751e-01       3.759217949178e+02 
       4.293823999897e-01       3.483965332092e+02 
       4.452420566722e-01       3.235780301540e+02 
       4.620259246691e-01       3.001242537200e+02 
       4.798673037780e-01       2.768618004283e+02 
       4.989350181030e-01       2.546239593831e+02 
       5.194470707474e-01       2.340224287190e+02 
       5.416914282045e-01       2.139672613193e+02 
       5.660588009166e-01       1.945206146493e+02 
       5.930965292408e-01       1.759367750853e+02 
       6.236015761018e-01       1.577001362153e+02 
       6.587904759211e-01       1.398533772481e+02 
       7.006315492442e-01       1.220732556816e+02 
       7.525461085357e-01       1.041445908819e+02 
       8.210079804976e-01       8.567154060911e+01 
       9.193237378170e-01       6.629876436186e+01 
       1.074684017740e+00       4.632126213213e+01 
       1.322179872172e+00       2.855450914232e+01 
       1.661679345453e+00       1.659107535081e+01 
       2.091875609933e+00       9.514463908742e+00 
       2.633515156926e+00       5.411350917802e+00 
       3.315399153289e+00       3.054696116510e+00 
       4.173840244316e+00       1.712754508547e+00 
       5.254553548339e+00       9.543985444061e-01 
