# Matter power spectrum P(k) at redshift z=0
# for k=1.04734e-05 to 5.25455 h/Mpc,
# number of wavenumbers equal to 119
#    1:k (h/Mpc)              2:P (Mpc/h)^3        
       1.047341826243e-05       4.746982881377e+01 
       1.318525239892e-05       5.930165082623e+01 
       1.659924930592e-05       7.408251698718e+01 
       2.089721676792e-05       9.254734907012e+01 
       2.630803722491e-05       1.156142042475e+02 
       3.311985659687e-05       1.444297863355e+02 
       4.169542910477e-05       1.804262651100e+02 
       5.249143525566e-05       2.253920887333e+02 
       6.608280174490e-05       2.815600890683e+02 
       8.319331839921e-05       3.517169362697e+02 
       1.047341826243e-04       4.393385291061e+02 
       1.318525239892e-04       5.487566303079e+02 
       1.659924930592e-04       6.853621749786e+02 
       2.089721676792e-04       8.558499627147e+02 
       2.630803722491e-04       1.068507059417e+03 
       3.311985659687e-04       1.333541990379e+03 
       4.169542910477e-04       1.663442793764e+03 
       5.249143525566e-04       2.073339709200e+03 
       6.608280174490e-04       2.581334002055e+03 
       8.319331839921e-04       3.208730650834e+03 
       1.047341826243e-03       3.980037235051e+03 
       1.318525239892e-03       4.922424773166e+03 
       1.659924930592e-03       6.064095940380e+03 
       2.089721676792e-03       7.431907401859e+03 
       2.630803722491e-03       9.046415929815e+03 
       3.311985659687e-03       1.091491871356e+04 
       4.169542910477e-03       1.302135558584e+04 
       5.249143525566e-03       1.531279175668e+04 
       6.608280174490e-03       1.768394446770e+04 
       8.319331839921e-03       1.996042774067e+04 
       1.047341826243e-02       2.188480002828e+04 
       1.318525239892e-02       2.312278671844e+04 
       1.659924930589e-02       2.330204566234e+04 
       2.089721660966e-02       2.212200044362e+04 
       2.630791517064e-02       1.954772430977e+04 
       3.310278266545e-02       1.604081057810e+04 
       4.112178767552e-02       1.273395646379e+04 
       4.790628827007e-02       1.088695525647e+04 
       5.282242665187e-02       9.988082023266e+03 
       5.687266276680e-02       9.430282694035e+03 
       6.048713924368e-02       9.013201581655e+03 
       6.385726918410e-02       8.653720595682e+03 
       6.708422356736e-02       8.311323231461e+03 
       7.022860457005e-02       7.963636411676e+03 
       7.333018959056e-02       7.600118675611e+03 
       7.641699559410e-02       7.218445397812e+03 
       7.950991500338e-02       6.820279968275e+03 
       8.262529000559e-02       6.412632511346e+03 
       8.577643711185e-02       6.004736741369e+03 
       8.897459779263e-02       5.607602535151e+03 
       9.222955666815e-02       5.231954398243e+03 
       9.555005766204e-02       4.887074955362e+03 
       9.894409227589e-02       4.580673444011e+03 
       1.024191040344e-01       4.317023176219e+03 
       1.059821362664e-01       4.096794955049e+03 
       1.096399405347e-01       3.917506410730e+03 
       1.133990570783e-01       3.772283205750e+03 
       1.172658749375e-01       3.651863097420e+03 
       1.212466770795e-01       3.544207505346e+03 
       1.253476743179e-01       3.436559672890e+03 
       1.295750308144e-01       3.317256040190e+03 
       1.339348832875e-01       3.177644853743e+03 
       1.384333556058e-01       3.014774911041e+03 
       1.430765701509e-01       2.831771950604e+03 
       1.478706571398e-01       2.637708515676e+03 
       1.528217629711e-01       2.445197693854e+03 
       1.579360585777e-01       2.267393882202e+03 
       1.632197487220e-01       2.114689750820e+03 
       1.686790831324e-01       1.992076498410e+03 
       1.743203703668e-01       1.897943733861e+03 
       1.801499952696e-01       1.824351261960e+03 
       1.861744408844e-01       1.759716929605e+03 
       1.924003156767e-01       1.690975065650e+03 
       1.988343869261e-01       1.607927931162e+03 
       2.054836211606e-01       1.509038746380e+03 
       2.123552325365e-01       1.401260518947e+03 
       2.194567401281e-01       1.296101965020e+03 
       2.267960351861e-01       1.203835498977e+03 
       2.343814595738e-01       1.129779034915e+03 
       2.422218968055e-01       1.072629658810e+03 
       2.503268774194e-01       1.024336070685e+03 
       2.587067008331e-01       9.748474981120e+02 
       2.673725763982e-01       9.181401765797e+02 
       2.763367871231e-01       8.550367051741e+02 
       2.856128805309e-01       7.923558196567e+02 
       2.952158924385e-01       7.377785700127e+02 
       3.051626111909e-01       6.935483957226e+02 
       3.154718922124e-01       6.558567252939e+02 
       3.261650358600e-01       6.186068427186e+02 
       3.372662458022e-01       5.782530437805e+02 
       3.488031909594e-01       5.370079607198e+02 
       3.608077021238e-01       4.992174221363e+02 
       3.733166457798e-01       4.669349319351e+02 
       3.863730339830e-01       4.376462418122e+02 
       4.000274529746e-01       4.082598709771e+02 
       4.143399285751e-01       3.785870954994e+02 
       4.293823999897e-01       3.508600167247e+02 
       4.452420566722e-01       3.258596634345e+02 
       4.620259246691e-01       3.022340334043e+02 
       4.798673037780e-01       2.788030231931e+02 
       4.989350181030e-01       2.564050007917e+02 
       5.194470707474e-01       2.356554660879e+02 
       5.416914282045e-01       2.154629730013e+02 
       5.660588009166e-01       1.958719788423e+02 
       5.930965292408e-01       1.771650568893e+02 
       6.236015761018e-01       1.587910662208e+02 
       6.587904759211e-01       1.408188541768e+02 
       7.006315492442e-01       1.229142667783e+02 
       7.525461085357e-01       1.048605755963e+02 
       8.210079804976e-01       8.625923383858e+01 
       9.193237378170e-01       6.675249963837e+01 
       1.074684017740e+00       4.663748982006e+01 
       1.322179872172e+00       2.874899830420e+01 
       1.661679345453e+00       1.670391690441e+01 
       2.091875609933e+00       9.579103358813e+00 
       2.633515156926e+00       5.448105625468e+00 
       3.315399153289e+00       3.075415599708e+00 
       4.173840244316e+00       1.724368592456e+00 
       5.254553548339e+00       9.609252967075e-01 
