# Matter power spectrum P(k) at redshift z=0
# for k=1.04734e-05 to 5.37455 h/Mpc,
# number of wavenumbers equal to 556
#    1:k (h/Mpc)              2:P (Mpc/h)^3        
       1.047341826243e-05       4.746983000129e+01 
       2.340509133039e-05       1.032608644803e+02 
       3.638255171321e-05       1.581583678516e+02 
       4.944099241444e-05       2.127218364069e+02 
       6.261619266266e-05       2.672751076339e+02 
       7.594483945248e-05       3.220642343182e+02 
       8.946485943881e-05       3.773018527801e+02 
       1.032157656311e-04       4.331854234932e+02 
       1.172390233673e-04       4.899066516488e+02 
       1.315784400831e-04       5.476572409368e+02 
       1.462805833929e-04       6.066329485392e+02 
       1.613952319400e-04       6.670367718724e+02 
       1.769758632773e-04       7.290817135612e+02 
       1.930801826544e-04       7.929933216347e+02 
       2.097706958892e-04       8.590121549154e+02 
       2.271153283690e-04       9.273962279079e+02 
       2.451880904720e-04       9.984234725355e+02 
       2.640697870984e-04       1.072394229694e+03 
       2.838487652622e-04       1.149633749670e+03 
       3.046216884792e-04       1.230494650002e+03 
       3.264943195889e-04       1.315359256241e+03 
       3.495822842595e-04       1.404641707265e+03 
       3.740117753512e-04       1.498789649051e+03 
       3.999201433039e-04       1.598285309316e+03 
       4.274562998323e-04       1.703645630727e+03 
       4.567808420559e-04       1.815421159789e+03 
       4.880657832613e-04       1.934193189421e+03 
       5.214937575734e-04       2.060568751034e+03 
       5.572565533259e-04       2.195172898784e+03 
       5.955528301403e-04       2.338637860634e+03 
       6.365848954271e-04       2.491588689154e+03 
       6.805544654285e-04       2.654625321019e+03 
       7.276574203516e-04       2.828301255115e+03 
       7.780776836650e-04       3.013099604937e+03 
       8.319805040529e-04       3.209407775060e+03 
       8.895055744813e-04       3.417492625722e+03 
       9.507605540570e-04       3.637478331551e+03 
       1.015815626381e-03       3.869329396418e+03 
       1.084699699451e-03       4.112841071173e+03 
       1.157398712256e-03       4.367638511505e+03 
       1.233856276690e-03       4.633185622897e+03 
       1.313976594605e-03       4.908802641742e+03 
       1.397629310932e-03       5.193664662110e+03 
       1.484655754514e-03       5.486892306403e+03 
       1.574875916548e-03       5.787550299846e+03 
       1.668095528534e-03       6.094660752396e+03 
       1.764112704780e-03       6.407243119125e+03 
       1.862723770004e-03       6.724336751521e+03 
       1.963728059948e-03       7.045018440747e+03 
       2.066931631206e-03       7.368416089138e+03 
       2.172149928423e-03       7.693717255333e+03 
       2.279209528430e-03       8.020173492805e+03 
       2.387949116064e-03       8.347103561464e+03 
       2.498219854210e-03       8.673890543805e+03 
       2.609885300385e-03       8.999981754195e+03 
       2.722821002213e-03       9.324883604659e+03 
       2.836913880374e-03       9.648158531376e+03 
       2.952061484131e-03       9.969419606503e+03 
       3.068171183325e-03       1.028832644213e+04 
       3.185159343000e-03       1.060458165082e+04 
       3.302950512498e-03       1.091792466539e+04 
       3.421476649869e-03       1.122813080063e+04 
       3.540676394202e-03       1.153500122002e+04 
       3.660494392557e-03       1.183836882946e+04 
       3.780880683954e-03       1.213808880177e+04 
       3.901790140116e-03       1.243403856660e+04 
       4.023181960785e-03       1.272611309581e+04 
       4.145019220377e-03       1.301422421575e+04 
       4.267268462130e-03       1.329830205216e+04 
       4.389899335657e-03       1.357828527023e+04 
       4.512884273847e-03       1.385413067100e+04 
       4.636198205150e-03       1.412579623763e+04 
       4.759818297556e-03       1.439324193465e+04 
       4.883723730839e-03       1.465645427295e+04 
       5.007895493937e-03       1.491546002369e+04 
       5.132316204640e-03       1.517021140971e+04 
       5.256969949060e-03       1.542066962881e+04 
       5.381842138607e-03       1.566699236713e+04 
       5.506919382463e-03       1.590908557337e+04 
       5.632189373777e-03       1.614693883236e+04 
       5.757640787991e-03       1.637986329758e+04 
       5.883263191922e-03       1.660933113766e+04 
       6.009046962350e-03       1.683461120941e+04 
       6.134983213060e-03       1.705572066380e+04 
       6.261063729350e-03       1.727286074061e+04 
       6.387280909203e-03       1.748600122779e+04 
       6.513627710347e-03       1.769530773371e+04 
       6.640097602580e-03       1.790006366771e+04 
       6.766684524772e-03       1.810090736226e+04 
       6.893382846031e-03       1.829785380542e+04 
       7.020187330602e-03       1.849090341874e+04 
       7.147093106088e-03       1.868005574140e+04 
       7.274095634649e-03       1.886516363565e+04 
       7.401190686866e-03       1.904669308622e+04 
       7.528374318004e-03       1.922428165069e+04 
       7.655642846412e-03       1.939873350402e+04 
       7.782992833862e-03       1.956896292825e+04 
       7.910421067624e-03       1.973549064203e+04 
       8.037924544106e-03       1.989838263322e+04 
       8.165500453912e-03       2.005768003851e+04 
       8.293146168169e-03       2.021342900510e+04 
       8.420859226016e-03       2.036564235452e+04 
       8.548637323138e-03       2.051434277824e+04 
       8.676478301245e-03       2.065961713720e+04 
       8.804380138411e-03       2.080148145506e+04 
       8.932340940201e-03       2.093999976744e+04 
       9.060358931501e-03       2.107511500005e+04 
       9.188432449003e-03       2.120694267342e+04 
       9.316559934276e-03       2.133550926921e+04 
       9.444739927376e-03       2.146082199884e+04 
       9.572971060952e-03       2.158297078553e+04 
       9.701252054796e-03       2.170193226793e+04 
       9.829581710812e-03       2.181777229168e+04 
       9.957958908359e-03       2.193049388484e+04 
       1.008638259994e-02       2.204020074807e+04 
       1.021485180721e-02       2.214686081858e+04 
       1.034336561728e-02       2.224986090529e+04 
       1.047192317928e-02       2.235123820529e+04 
       1.060052370120e-02       2.244895618213e+04 
       1.072916644691e-02       2.254390700885e+04 
       1.085785073341e-02       2.263596350227e+04 
       1.098657592832e-02       2.272516602871e+04 
       1.111534144751e-02       2.281158934772e+04 
       1.124414675285e-02       2.289527513549e+04 
       1.137299135021e-02       2.297596253922e+04 
       1.150187478757e-02       2.305441389705e+04 
       1.163079665319e-02       2.312999840281e+04 
       1.175975657403e-02       2.320294136010e+04 
       1.188875421418e-02       2.327328710175e+04 
       1.201778927345e-02       2.334105750845e+04 
       1.214686148605e-02       2.340636125200e+04 
       1.227597061934e-02       2.346885220462e+04 
       1.240511647272e-02       2.352927261150e+04 
       1.253429887654e-02       2.358707533314e+04 
       1.266351769111e-02       2.364240706812e+04 
       1.279277280580e-02       2.369540302293e+04 
       1.292206413820e-02       2.374612507884e+04 
       1.305139163330e-02       2.379431247055e+04 
       1.318075526281e-02       2.384033060895e+04 
       1.331015502444e-02       2.388411705443e+04 
       1.343959094129e-02       2.392545930180e+04 
       1.356906306133e-02       2.396481395286e+04 
       1.369857145679e-02       2.400175084716e+04 
       1.382811622377e-02       2.403672555276e+04 
       1.395769748172e-02       2.406930092432e+04 
       1.408731537310e-02       2.410007994859e+04 
       1.421697006297e-02       2.412869023981e+04 
       1.434666173871e-02       2.415518141205e+04 
       1.447639060970e-02       2.417955653096e+04 
       1.460615690705e-02       2.420214769923e+04 
       1.473596088339e-02       2.422250950232e+04 
       1.486580281265e-02       2.424103027931e+04 
       1.499568298992e-02       2.425759283945e+04 
       1.512560173125e-02       2.427232263855e+04 
       1.525555937359e-02       2.428515690792e+04 
       1.538555627463e-02       2.429620246643e+04 
       1.551559281279e-02       2.430525286909e+04 
       1.564566938713e-02       2.431271218898e+04 
       1.577578641734e-02       2.431825519966e+04 
       1.590594434373e-02       2.432197682170e+04 
       1.603614362724e-02       2.432423442870e+04 
       1.616638474950e-02       2.432449052073e+04 
       1.629666821285e-02       2.432327456866e+04 
       1.642699454044e-02       2.432024934954e+04 
       1.655736427634e-02       2.431582051107e+04 
       1.668777798560e-02       2.430924538373e+04 
       1.681823625443e-02       2.430159640562e+04 
       1.694873969033e-02       2.429218745494e+04 
       1.707928892227e-02       2.428124699027e+04 
       1.720988460084e-02       2.426908277337e+04 
       1.734052739849e-02       2.425511873224e+04 
       1.747121800973e-02       2.423949243743e+04 
       1.760195715136e-02       2.422265631963e+04 
       1.773274556273e-02       2.420437172070e+04 
       1.786358400601e-02       2.418471302587e+04 
       1.799447326648e-02       2.416352295934e+04 
       1.812541415280e-02       2.414012994917e+04 
       1.825640749738e-02       2.411657561814e+04 
       1.838745415666e-02       2.409120221738e+04 
       1.851855501151e-02       2.406569196754e+04 
       1.864971096756e-02       2.403799542079e+04 
       1.878092295562e-02       2.400821841626e+04 
       1.891219193206e-02       2.397879767580e+04 
       1.904351887921e-02       2.394733862789e+04 
       1.917490480586e-02       2.391369686045e+04 
       1.930635074766e-02       2.388002340477e+04 
       1.943785776759e-02       2.384594984762e+04 
       1.956942695651e-02       2.380978769549e+04 
       1.970105943359e-02       2.377177976824e+04 
       1.983275634691e-02       2.373421423617e+04 
       1.996451887395e-02       2.369333824136e+04 
       2.009634822220e-02       2.365414264626e+04 
       2.022824562970e-02       2.361134043405e+04 
       2.036021236570e-02       2.356994189621e+04 
       2.049224973124e-02       2.352639207442e+04 
       2.062435905983e-02       2.348084294425e+04 
       2.075654171810e-02       2.343620187374e+04 
       2.088879910650e-02       2.338913310607e+04 
       2.102113266001e-02       2.334242966424e+04 
       2.115354384887e-02       2.329405014873e+04 
       2.128603417936e-02       2.324376171949e+04 
       2.141860519458e-02       2.319355267796e+04 
       2.155125847524e-02       2.314342253625e+04 
       2.168399564051e-02       2.309107411506e+04 
       2.181681834888e-02       2.303805801587e+04 
       2.194972829907e-02       2.298456182824e+04 
       2.208272723091e-02       2.293020143131e+04 
       2.221581692629e-02       2.287503111729e+04 
       2.234899921018e-02       2.281926080556e+04 
       2.248227595159e-02       2.276272573976e+04 
       2.261564906461e-02       2.270530189175e+04 
       2.274912050950e-02       2.264809039507e+04 
       2.288269229379e-02       2.258859641240e+04 
       2.301636647340e-02       2.252899835598e+04 
       2.315014515383e-02       2.246875020658e+04 
       2.328403049137e-02       2.240798386281e+04 
       2.341802469432e-02       2.234675639418e+04 
       2.355213002434e-02       2.228479588110e+04 
       2.368634879770e-02       2.222211973136e+04 
       2.382068338670e-02       2.215885622840e+04 
       2.395513622108e-02       2.209471807864e+04 
       2.408970978946e-02       2.203124259051e+04 
       2.422440664085e-02       2.196562182209e+04 
       2.435922938623e-02       2.190030088870e+04 
       2.449418070010e-02       2.183486224064e+04 
       2.462926332219e-02       2.176906195910e+04 
       2.476448005914e-02       2.170052544163e+04 
       2.489983378628e-02       2.163377566444e+04 
       2.503532744943e-02       2.156602149987e+04 
       2.517096406680e-02       2.149726515212e+04 
       2.530674673094e-02       2.142777452989e+04 
       2.544267861073e-02       2.135845804319e+04 
       2.557876295347e-02       2.128856352022e+04 
       2.571500308703e-02       2.121829395903e+04 
       2.585140242207e-02       2.114791254581e+04 
       2.598796445432e-02       2.107688754630e+04 
       2.612469276697e-02       2.100553313637e+04 
       2.626159103311e-02       2.093405215898e+04 
       2.639866301829e-02       2.086209572388e+04 
       2.653591258312e-02       2.078969008449e+04 
       2.667334368601e-02       2.071696144232e+04 
       2.681096038601e-02       2.064418596552e+04 
       2.694876684566e-02       2.057069768336e+04 
       2.708676733408e-02       2.049784904085e+04 
       2.722496623005e-02       2.042330958823e+04 
       2.736336802530e-02       2.034918727821e+04 
       2.750197732780e-02       2.027488977416e+04 
       2.764079886533e-02       2.020021552935e+04 
       2.777983748901e-02       2.012594511445e+04 
       2.791909817714e-02       2.005022504925e+04 
       2.805858603897e-02       1.997532278459e+04 
       2.819830631885e-02       1.989930383550e+04 
       2.833826440035e-02       1.982366342191e+04 
       2.847846581063e-02       1.974766159447e+04 
       2.861891622493e-02       1.967150129438e+04 
       2.875962147133e-02       1.959515202637e+04 
       2.890058753554e-02       1.951872596582e+04 
       2.904182056603e-02       1.944253540152e+04 
       2.918332687929e-02       1.936598002083e+04 
       2.932511296530e-02       1.928848988197e+04 
       2.946718549321e-02       1.921144139972e+04 
       2.960955131736e-02       1.913431347606e+04 
       2.975221748336e-02       1.905709126414e+04 
       2.989519123460e-02       1.897953129201e+04 
       3.003848001893e-02       1.890210843330e+04 
       3.018209149566e-02       1.882454607372e+04 
       3.032603354281e-02       1.874678547236e+04 
       3.047031426478e-02       1.866924792604e+04 
       3.061494200020e-02       1.859143815373e+04 
       3.075992533027e-02       1.851332658707e+04 
       3.090527308736e-02       1.843594406089e+04 
       3.105099436403e-02       1.835725790886e+04 
       3.119709852248e-02       1.827919919302e+04 
       3.134359520440e-02       1.820157538177e+04 
       3.149049434124e-02       1.812359010662e+04 
       3.163780616503e-02       1.804494756916e+04 
       3.178554121962e-02       1.796693923363e+04 
       3.193371037250e-02       1.788843332364e+04 
       3.208232482719e-02       1.781049143133e+04 
       3.223139613615e-02       1.773248122592e+04 
       3.238093621439e-02       1.765379202700e+04 
       3.253095735371e-02       1.757558744563e+04 
       3.268147223763e-02       1.749772519542e+04 
       3.283249395709e-02       1.741934078260e+04 
       3.298403602693e-02       1.734109706767e+04 
       3.313611240318e-02       1.726272523068e+04 
       3.328873750125e-02       1.718485170645e+04 
       3.344192621509e-02       1.710666433420e+04 
       3.359569393732e-02       1.702849259334e+04 
       3.375005658041e-02       1.695037827655e+04 
       3.390503059901e-02       1.687209816250e+04 
       3.406063301353e-02       1.679405631150e+04 
       3.421688143489e-02       1.671601784595e+04 
       3.437379409077e-02       1.663835653043e+04 
       3.453138985319e-02       1.656056616099e+04 
       3.468968826776e-02       1.648227956714e+04 
       3.484870958454e-02       1.640494049676e+04 
       3.500847479062e-02       1.632682112816e+04 
       3.516900564477e-02       1.624909250806e+04 
       3.533032471391e-02       1.617161547302e+04 
       3.549245541194e-02       1.609421461693e+04 
       3.565542204080e-02       1.601656892382e+04 
       3.581924983409e-02       1.593916278619e+04 
       3.598396500337e-02       1.586156696623e+04 
       3.614959478733e-02       1.578429623741e+04 
       3.631616750414e-02       1.570703510184e+04 
       3.648371260704e-02       1.562983052822e+04 
       3.665226074366e-02       1.555261646556e+04 
       3.682184381919e-02       1.547548101399e+04 
       3.699249506368e-02       1.539870289083e+04 
       3.716424910402e-02       1.532186084907e+04 
       3.733714204071e-02       1.524473065465e+04 
       3.751121153004e-02       1.516804589941e+04 
       3.768649687194e-02       1.509107820950e+04 
       3.786303910416e-02       1.501425614089e+04 
       3.804088110321e-02       1.493756476076e+04 
       3.822006769268e-02       1.486096414896e+04 
       3.840064575957e-02       1.478438154429e+04 
       3.858266437942e-02       1.470828251263e+04 
       3.876617495094e-02       1.463158455959e+04 
       3.895123134111e-02       1.455516569418e+04 
       3.913789004164e-02       1.447863553707e+04 
       3.932621033797e-02       1.440197577591e+04 
       3.951625449191e-02       1.432562589194e+04 
       3.970808793938e-02       1.424929355916e+04 
       3.990177950457e-02       1.417294741005e+04 
       4.009740163244e-02       1.409668884801e+04 
       4.029503064117e-02       1.402033516656e+04 
       4.049474699683e-02       1.394445417221e+04 
       4.069663561254e-02       1.386778958302e+04 
       4.090078617482e-02       1.379140725559e+04 
       4.110729350001e-02       1.371536677821e+04 
       4.131625792428e-02       1.363872885208e+04 
       4.152778573084e-02       1.356255829279e+04 
       4.174198961882e-02       1.348583648013e+04 
       4.195898921869e-02       1.340934870334e+04 
       4.217891165970e-02       1.333270673992e+04 
       4.240189219581e-02       1.325594592372e+04 
       4.262807489731e-02       1.317909580564e+04 
       4.285761341654e-02       1.310222873197e+04 
       4.309067183724e-02       1.302542009680e+04 
       4.332742561848e-02       1.294821113710e+04 
       4.356806264620e-02       1.287087903273e+04 
       4.381278440672e-02       1.279330983458e+04 
       4.406180729972e-02       1.271581323403e+04 
       4.431536411049e-02       1.263801887213e+04 
       4.457370566477e-02       1.255999490518e+04 
       4.483710269359e-02       1.248158585727e+04 
       4.510584794023e-02       1.240296519696e+04 
       4.538025854721e-02       1.232413015091e+04 
       4.566067876812e-02       1.224501405010e+04 
       4.594748305781e-02       1.216561842371e+04 
       4.624107960414e-02       1.208549260968e+04 
       4.654191437767e-02       1.200527255321e+04 
       4.685047579037e-02       1.192443719646e+04 
       4.716730007358e-02       1.184309862962e+04 
       4.749297750873e-02       1.176125108040e+04 
       4.782815967267e-02       1.167879829992e+04 
       4.817356789611e-02       1.159552849893e+04 
       4.853000317767e-02       1.151180208156e+04 
       4.889835785306e-02       1.142720036061e+04 
       4.927962938941e-02       1.134176856069e+04 
       4.967493676482e-02       1.125533897619e+04 
       5.008554000688e-02       1.116762913512e+04 
       5.051286360909e-02       1.107913567599e+04 
       5.095852472857e-02       1.098930504887e+04 
       5.142436730398e-02       1.089810336265e+04 
       5.191250353224e-02       1.080529925305e+04 
       5.242536452200e-02       1.071082678507e+04 
       5.296576241809e-02       1.061405070979e+04 
       5.353696687852e-02       1.051537937819e+04 
       5.414279948826e-02       1.041390821837e+04 
       5.478775048896e-02       1.030981588908e+04 
       5.547712300479e-02       1.020223826047e+04 
       5.621721053012e-02       1.009090817870e+04 
       5.701551332366e-02       9.974834202796e+03 
       5.788099750163e-02       9.853491491540e+03 
       5.882439502896e-02       9.725597908707e+03 
       5.985852972522e-02       9.589525005216e+03 
       6.099862734574e-02       9.443729893179e+03 
       6.226251686491e-02       9.285677225548e+03 
       6.367054389697e-02       9.112310964297e+03 
       6.524489374606e-02       8.919345819537e+03 
       6.700789982063e-02       8.702067339470e+03 
       6.897893137049e-02       8.455015101242e+03 
       7.116988391907e-02       8.172705051408e+03 
       7.358035489958e-02       7.851589287138e+03 
       7.619484833880e-02       7.491400294242e+03 
       7.898435744095e-02       7.097908391972e+03 
       8.191234686928e-02       6.680535161885e+03 
       8.494218781195e-02       6.253995024670e+03 
       8.804259687927e-02       5.834586285355e+03 
       9.118975857678e-02       5.436975695555e+03 
       9.436693930008e-02       5.072060089203e+03 
       9.756299755907e-02       4.747868227771e+03 
       1.007707701787e-01       4.468444710792e+03 
       1.039857527660e-01       4.233594518041e+03 
       1.072051516840e-01       4.040120015958e+03 
       1.104272489291e-01       3.882055722922e+03 
       1.136509933689e-01       3.752817041226e+03 
       1.168757438102e-01       3.644193977516e+03 
       1.201011097642e-01       3.548616456615e+03 
       1.233268535921e-01       3.457862552036e+03 
       1.265528306770e-01       3.365830990007e+03 
       1.297789529570e-01       3.268154017488e+03 
       1.330051667378e-01       3.161749294455e+03 
       1.362314392084e-01       3.046182710572e+03 
       1.394577502507e-01       2.922570282716e+03 
       1.426840874662e-01       2.792605180827e+03 
       1.459104431556e-01       2.660609215514e+03 
       1.491368124856e-01       2.530198257935e+03 
       1.523631923744e-01       2.404998606803e+03 
       1.555895808149e-01       2.288224788777e+03 
       1.588159764625e-01       2.182221360435e+03 
       1.620423783842e-01       2.088418244196e+03 
       1.652687859060e-01       2.007320999401e+03 
       1.684951985185e-01       1.938263957454e+03 
       1.717216158199e-01       1.880278917350e+03 
       1.749480374800e-01       1.831361516714e+03 
       1.781744632184e-01       1.789402314251e+03 
       1.814008927903e-01       1.752033413578e+03 
       1.846273259775e-01       1.717316274606e+03 
       1.878537625828e-01       1.683069086431e+03 
       1.910802024261e-01       1.647407904503e+03 
       1.943066453411e-01       1.609117806079e+03 
       1.975330911740e-01       1.567618119297e+03 
       2.007595397818e-01       1.522792571818e+03 
       2.039859910310e-01       1.475393116263e+03 
       2.072124447968e-01       1.426232240197e+03 
       2.104389009622e-01       1.376544754429e+03 
       2.136653594176e-01       1.327560280107e+03 
       2.168918200599e-01       1.280405920280e+03 
       2.201182827922e-01       1.235861249006e+03 
       2.233447475232e-01       1.194697481298e+03 
       2.265712141669e-01       1.157311453168e+03 
       2.297976826422e-01       1.123786782568e+03 
       2.330241528724e-01       1.094129952980e+03 
       2.362506247852e-01       1.067938783186e+03 
       2.394770983121e-01       1.044741482206e+03 
       2.427035733882e-01       1.023895746037e+03 
       2.459300499523e-01       1.004679989536e+03 
       2.491565279461e-01       9.863284701691e+02 
       2.523830073145e-01       9.682023957496e+02 
       2.556094880051e-01       9.498371263187e+02 
       2.588359699680e-01       9.308156568891e+02 
       2.620624531562e-01       9.110286732343e+02 
       2.652889375245e-01       8.903998627608e+02 
       2.685154230302e-01       8.690309598753e+02 
       2.717419096325e-01       8.471785560714e+02 
       2.749683972926e-01       8.251566474468e+02 
       2.781948859735e-01       8.032101197278e+02 
       2.814213756399e-01       7.818360469629e+02 
       2.846478662580e-01       7.613405805295e+02 
       2.878743577957e-01       7.419727810183e+02 
       2.911008502223e-01       7.239170876340e+02 
       2.943273435083e-01       7.072355039910e+02 
       2.975538376257e-01       6.919173452197e+02 
       3.007803325475e-01       6.778145967715e+02 
       3.040068282480e-01       6.647571553491e+02 
       3.072333247026e-01       6.525823163850e+02 
       3.104598218876e-01       6.410770590110e+02 
       3.136863197803e-01       6.300094970878e+02 
       3.169128183591e-01       6.192195947335e+02 
       3.201393176030e-01       6.085007410048e+02 
       3.233658174921e-01       5.977087066512e+02 
       3.265923180072e-01       5.867824927204e+02 
       3.298188191298e-01       5.756503295021e+02 
       3.330453208421e-01       5.644092003918e+02 
       3.362718231272e-01       5.530571578461e+02 
       3.394983259685e-01       5.417222487220e+02 
       3.427248293503e-01       5.305324331361e+02 
       3.459513332575e-01       5.195466642563e+02 
       3.491778376753e-01       5.088980077088e+02 
       3.524043425897e-01       4.985744029814e+02 
       3.556308479872e-01       4.887367723609e+02 
       3.588573538546e-01       4.793600758083e+02 
       3.620838601793e-01       4.705061171042e+02 
       3.653103669491e-01       4.621220474315e+02 
       3.685368741524e-01       4.541794540687e+02 
       3.717633817777e-01       4.466099284376e+02 
       3.749898898141e-01       4.393392293652e+02 
       3.782163982511e-01       4.323014708673e+02 
       3.814429070784e-01       4.254326784484e+02 
       3.846694162863e-01       4.186622850999e+02 
       3.878959258651e-01       4.119625305753e+02 
       3.911224358056e-01       4.053069779524e+02 
       3.943489460990e-01       3.986755430619e+02 
       3.975754567365e-01       3.920763104189e+02 
       4.008019677099e-01       3.855137031732e+02 
       4.040284790111e-01       3.789938846119e+02 
       4.072549906322e-01       3.725504142093e+02 
       4.104815025657e-01       3.662089102608e+02 
       4.137080148043e-01       3.600047732561e+02 
       4.169345273407e-01       3.539540944742e+02 
       4.201610401683e-01       3.480958561584e+02 
       4.233875532801e-01       3.424319784131e+02 
       4.266140666699e-01       3.369556972169e+02 
       4.298405803313e-01       3.316594693623e+02 
       4.330670942582e-01       3.265355384562e+02 
       4.362936084447e-01       3.215758842366e+02 
       4.395201228850e-01       3.167748101989e+02 
       4.427466375736e-01       3.121153111039e+02 
       4.459731525052e-01       3.075819616153e+02 
       4.491996676743e-01       3.031410417107e+02 
       4.524261830760e-01       2.987742602718e+02 
       4.556526987052e-01       2.945022078746e+02 
       4.588792145573e-01       2.902333713635e+02 
       4.621057306273e-01       2.860305968263e+02 
       4.653322469109e-01       2.818758643557e+02 
       4.685587634036e-01       2.777721795953e+02 
       4.717852801011e-01       2.737246533764e+02 
       4.750117969992e-01       2.697357411796e+02 
       4.782383140938e-01       2.658023782847e+02 
       4.814648313810e-01       2.619470474663e+02 
       4.846913488569e-01       2.581676005997e+02 
       4.879178665177e-01       2.544766354314e+02 
       4.911443843598e-01       2.508787806171e+02 
       4.943709023797e-01       2.473774416515e+02 
       4.975974205738e-01       2.439713379052e+02 
       5.008239389388e-01       2.406545061962e+02 
       5.040504574714e-01       2.374238357484e+02 
       5.072769761684e-01       2.342615061530e+02 
       5.105034950267e-01       2.311640853556e+02 
       5.137300140431e-01       2.281237691296e+02 
       5.169565332148e-01       2.251429221056e+02 
       5.201830525389e-01       2.222124219236e+02 
       5.234095720124e-01       2.193350009309e+02 
       5.266360916327e-01       2.164869418182e+02 
       5.298626113971e-01       2.136815384653e+02 
       5.330891313029e-01       2.109120767333e+02 
       5.363156513476e-01       2.081800485842e+02 
       5.395421715287e-01       2.054889223789e+02 
       5.427686918437e-01       2.028425495612e+02 
       5.459952122903e-01       2.002423611576e+02 
       5.492217328662e-01       1.976929974782e+02 
       5.524482535690e-01       1.951923215102e+02 
       5.556747743966e-01       1.927387571082e+02 
       5.589012953467e-01       1.903310724645e+02 
       5.621278164173e-01       1.879691865075e+02 
       5.653543376063e-01       1.856542018350e+02 
       5.685808589117e-01       1.833853693220e+02 
       5.959181382863e-01       1.657015951289e+02 
       6.268197241341e-01       1.483390312558e+02 
       6.625573799730e-01       1.313483176333e+02 
       7.052019946662e-01       1.144062331455e+02 
       7.583813435786e-01       9.729792666589e+01 
       8.290201747477e-01       7.964374668529e+01 
       9.314377800332e-01       6.112565519102e+01 
       1.094468628765e+00       4.216829729421e+01 
       1.351689116465e+00       2.573323885501e+01 
       1.699609418493e+00       1.491767885970e+01 
       2.139647299952e+00       8.546156122935e+00 
       2.693656249860e+00       4.856384939367e+00 
       3.391112303540e+00       2.739502611740e+00 
       4.269157453174e+00       1.534938586042e+00 
       5.374550804752e+00       8.548272181512e-01 
